0 0.7877604166666666 0.7361111111111112 0.0765625 0.15555555555555556
0 0.9325520833333333 0.24259259259259258 0.1328125 0.3277777777777778
0 0.6875 0.6537037037037037 0.06458333333333334 0.1259259259259259
0 0.6091145833333333 0.5907407407407408 0.049479166666666664 0.10555555555555556
0 0.5484375 0.5328703703703703 0.03333333333333333 0.0787037037037037
0 0.50234375 0.49953703703703706 0.0265625 0.0712962962962963
1 0.6002604166666666 0.018518518518518517 0.09427083333333333 0.053703703703703705
1 0.23098958333333333 0.0125 0.0453125 0.023148148148148147
1 0.5213541666666667 0.040740740740740744 0.046875 0.03333333333333333
1 0.2703125 0.010648148148148148 0.034375 0.021296296296296296
1 0.22291666666666668 0.026851851851851852 0.020833333333333332 0.014814814814814815
1 0.5611979166666666 0.046296296296296294 0.030729166666666665 0.024074074074074074
1 0.646875 0.05787037037037037 0.028125 0.028703703703703703
1 0.2578125 0.025 0.019791666666666666 0.012962962962962963
1 0.2755208333333333 0.024074074074074074 0.020833333333333332 0.014814814814814815
1 0.6192708333333333 0.05416666666666667 0.025 0.025
1 0.25885416666666666 0.0375 0.013541666666666667 0.010185185185185186
1 0.22578125 0.03888888888888889 0.011979166666666667 0.011111111111111112
1 0.2953125 0.03611111111111111 0.010416666666666666 0.012962962962962963
1 0.27317708333333335 0.03657407407407407 0.009895833333333333 0.012037037037037037
1 0.246875 0.03796296296296296 0.009375 0.011111111111111112
1 0.21666666666666667 0.03935185185185185 0.009375 0.010185185185185186
1 0.28489583333333335 0.037037037037037035 0.009375 0.011111111111111112
1 0.2375 0.038425925925925926 0.007291666666666667 0.010185185185185186
