0 0.8638020833333333 0.2324074074074074 0.03697916666666667 0.1037037037037037
1 0.06692708333333333 0.28564814814814815 0.03177083333333333 0.013888888888888888
1 0.06614583333333333 0.30092592592592593 0.028125 0.011111111111111112
1 0.06588541666666667 0.2712962962962963 0.03177083333333333 0.016666666666666666
1 0.6481770833333333 0.2569444444444444 0.025520833333333333 0.012037037037037037
1 0.6822916666666666 0.2569444444444444 0.035416666666666666 0.013888888888888888
1 0.66953125 0.26851851851851855 0.0234375 0.012962962962962963
1 0.6471354166666666 0.26851851851851855 0.0234375 0.012962962962962963
1 0.6776041666666667 0.2439814814814815 0.020833333333333332 0.01574074074074074
1 0.65625 0.24027777777777778 0.015625 0.021296296296296296
1 0.63984375 0.2439814814814815 0.0140625 0.01574074074074074
1 0.07239583333333334 0.31342592592592594 0.03333333333333333 0.012037037037037037
1 0.66484375 0.2601851851851852 0.0171875 0.014814814814814815
