0 0.675 0.21851851851851853 0.09791666666666667 0.040740740740740744
0 0.6752604166666667 0.15185185185185185 0.09739583333333333 0.040740740740740744
0 0.675 0.1175925925925926 0.096875 0.04259259259259259
0 0.6744791666666666 0.25324074074074077 0.096875 0.03796296296296296
0 0.675 0.08425925925925926 0.096875 0.044444444444444446
0 0.6223958333333334 0.5171296296296296 0.07291666666666667 0.12685185185185185
0 0.6346354166666667 0.41064814814814815 0.0734375 0.12685185185185185
0 0.6747395833333333 0.18472222222222223 0.09739583333333333 0.03981481481481482
0 0.5213541666666667 0.26990740740740743 0.016666666666666666 0.030555555555555555
1 0.6627604166666666 0.1763888888888889 0.034895833333333334 0.019444444444444445
1 0.6622395833333333 0.2101851851851852 0.03697916666666667 0.020370370370370372
1 0.6557291666666667 0.2439814814814815 0.025 0.019444444444444445
1 0.68203125 0.1111111111111111 0.0359375 0.018518518518518517
1 0.6552083333333333 0.22407407407407406 0.023958333333333335 0.016666666666666666
1 0.65625 0.25833333333333336 0.027083333333333334 0.016666666666666666
1 0.65625 0.14305555555555555 0.023958333333333335 0.017592592592592594
1 0.6625 0.18981481481481483 0.03333333333333333 0.016666666666666666
1 0.675 0.07777777777777778 0.025 0.016666666666666666
1 0.6380208333333334 0.412962962962963 0.025 0.037037037037037035
1 0.6546875 0.075 0.020833333333333332 0.016666666666666666
1 0.6776041666666667 0.1449074074074074 0.017708333333333333 0.01574074074074074
1 0.6541666666666667 0.12268518518518519 0.01875 0.012037037037037037
1 0.6557291666666667 0.08842592592592592 0.020833333333333332 0.013888888888888888
1 0.696875 0.08055555555555556 0.016666666666666666 0.016666666666666666
1 0.6520833333333333 0.10787037037037037 0.014583333333333334 0.013888888888888888
1 0.6841145833333333 0.19212962962962962 0.018229166666666668 0.01574074074074074
1 0.6747395833333333 0.12361111111111112 0.0234375 0.01574074074074074
1 0.6744791666666666 0.08981481481481482 0.023958333333333335 0.014814814814814815
1 0.6911458333333333 0.12546296296296297 0.01875 0.013888888888888888
