0 0.8372395833333334 0.2884259259259259 0.049479166666666664 0.08981481481481482
0 0.8364583333333333 0.3537037037037037 0.046875 0.040740740740740744
1 0.6864583333333333 0.06712962962962964 0.08645833333333333 0.03611111111111111
1 0.6880208333333333 0.09305555555555556 0.065625 0.032407407407407406
1 0.6729166666666667 0.1587962962962963 0.041666666666666664 0.021296296296296296
1 0.6768229166666667 0.18518518518518517 0.0421875 0.020370370370370372
1 0.67578125 0.17175925925925925 0.03802083333333333 0.017592592592592594
1 0.7494791666666667 0.075 0.05 0.03148148148148148
1 0.79296875 0.07916666666666666 0.03802083333333333 0.026851851851851852
1 0.6541666666666667 0.13240740740740742 0.020833333333333332 0.014814814814814815
1 0.75078125 0.09953703703703703 0.0265625 0.026851851851851852
1 0.8 0.10416666666666667 0.020833333333333332 0.025
1 0.6986979166666667 0.13518518518518519 0.024479166666666666 0.016666666666666666
1 0.7940104166666667 0.05092592592592592 0.0234375 0.027777777777777776
1 0.6752604166666667 0.13287037037037036 0.021354166666666667 0.01574074074074074
1 0.77734375 0.10092592592592593 0.021354166666666667 0.020370370370370372
