0 0.21796875 0.12777777777777777 0.0171875 0.03333333333333333
1 0.28619791666666666 0.27175925925925926 0.058854166666666666 0.019444444444444445
1 0.11796875 0.3236111111111111 0.0328125 0.03796296296296296
1 0.29973958333333334 0.03009259259259259 0.034895833333333334 0.023148148148148147
1 0.31171875 0.013888888888888888 0.0296875 0.020370370370370372
1 0.13958333333333334 0.043055555555555555 0.035416666666666666 0.05092592592592592
1 0.32708333333333334 0.03657407407407407 0.026041666666666668 0.025
1 0.33359375 0.019444444444444445 0.0203125 0.018518518518518517
1 0.28958333333333336 0.00787037037037037 0.019791666666666666 0.01574074074074074
1 0.018489583333333334 0.38981481481481484 0.030729166666666665 0.025925925925925925
