0 0.7854166666666667 0.10416666666666667 0.08229166666666667 0.15092592592592594
0 0.31692708333333336 0.40185185185185185 0.016145833333333335 0.08518518518518518
0 0.7838541666666666 0.3236111111111111 0.08333333333333333 0.16018518518518518
0 0.7807291666666667 0.44027777777777777 0.08333333333333333 0.0824074074074074
0 0.6263020833333334 0.25925925925925924 0.021354166666666667 0.03518518518518519
0 0.7848958333333333 0.2125 0.08333333333333333 0.0712962962962963
0 0.3151041666666667 0.3333333333333333 0.029166666666666667 0.05185185185185185
1 0.7677083333333333 0.22361111111111112 0.0375 0.023148148148148147
1 0.7690104166666667 0.4273148148148148 0.0390625 0.026851851851851852
1 0.80390625 0.22685185185185186 0.0359375 0.020370370370370372
1 0.7697916666666667 0.19907407407407407 0.030208333333333334 0.024074074074074074
1 0.8049479166666667 0.2023148148148148 0.0234375 0.021296296296296296
1 0.8020833333333334 0.4300925925925926 0.026041666666666668 0.025
1 0.7854166666666667 0.09398148148148149 0.06145833333333333 0.06759259259259259
