0 0.8276041666666667 0.1550925925925926 0.07291666666666667 0.03611111111111111
0 0.8278645833333333 0.18287037037037038 0.0734375 0.03425925925925926
0 0.2765625 0.3773148148148148 0.035416666666666666 0.06388888888888888
0 0.2791666666666667 0.46064814814814814 0.021875 0.10462962962962963
0 0.82734375 0.21064814814814814 0.07447916666666667 0.03425925925925926
1 0.8192708333333333 0.20972222222222223 0.03333333333333333 0.026851851851851852
1 0.8205729166666667 0.18101851851851852 0.033854166666666664 0.025
1 0.8138020833333334 0.2361111111111111 0.024479166666666666 0.024074074074074074
1 0.8377604166666667 0.23935185185185184 0.028645833333333332 0.025
1 0.8151041666666666 0.1476851851851852 0.021875 0.019444444444444445
1 0.8317708333333333 0.14907407407407408 0.014583333333333334 0.016666666666666666
1 0.8572916666666667 0.24259259259259258 0.0125 0.022222222222222223
