0 0.51484375 0.2601851851851852 0.021354166666666667 0.03333333333333333
1 0.80234375 0.337037037037037 0.034895833333333334 0.020370370370370372
1 0.8041666666666667 0.287962962962963 0.04895833333333333 0.022222222222222223
1 0.9088541666666666 0.32546296296296295 0.052083333333333336 0.019444444444444445
1 0.8104166666666667 0.25972222222222224 0.04479166666666667 0.017592592592592594
1 0.7895833333333333 0.31805555555555554 0.030208333333333334 0.01574074074074074
1 0.9143229166666667 0.3 0.05260416666666667 0.020370370370370372
1 0.9143229166666667 0.2777777777777778 0.0390625 0.020370370370370372
1 0.7044270833333334 0.3453703703703704 0.0296875 0.014814814814814815
1 0.7307291666666667 0.34629629629629627 0.025 0.014814814814814815
1 0.8044270833333333 0.27546296296296297 0.050520833333333334 0.019444444444444445
1 0.9020833333333333 0.35648148148148145 0.015625 0.016666666666666666
1 0.6994791666666667 0.26342592592592595 0.016666666666666666 0.013888888888888888
1 0.73203125 0.2625 0.0328125 0.01574074074074074
1 0.7911458333333333 0.2657407407407407 0.028125 0.018518518518518517
1 0.9208333333333333 0.3574074074074074 0.011458333333333333 0.016666666666666666
1 0.8817708333333333 0.3527777777777778 0.011458333333333333 0.016666666666666666
1 0.86796875 0.3523148148148148 0.0140625 0.01574074074074074
