0 0.81875 0.2689814814814815 0.06770833333333333 0.12314814814814815
0 0.815625 0.3587962962962963 0.06770833333333333 0.05462962962962963
0 0.7776041666666667 0.7 0.052083333333333336 0.24444444444444444
0 0.6033854166666667 0.5231481481481481 0.0234375 0.13518518518518519
0 0.5072916666666667 0.4148148148148148 0.013541666666666667 0.06851851851851852
0 0.4703125 0.38564814814814813 0.007291666666666667 0.04537037037037037
0 0.4549479166666667 0.37037037037037035 0.005729166666666666 0.03888888888888889
0 0.44375 0.36203703703703705 0.005208333333333333 0.03148148148148148
0 0.4354166666666667 0.35833333333333334 0.004166666666666667 0.027777777777777776
0 0.41875 0.3537037037037037 0.004166666666666667 0.025925925925925925
0 0.41015625 0.35185185185185186 0.0036458333333333334 0.024074074074074074
1 0.8114583333333333 0.3490740740740741 0.03333333333333333 0.020370370370370372
1 0.82734375 0.3685185185185185 0.025520833333333333 0.018518518518518517
1 0.8028645833333333 0.3662037037037037 0.0234375 0.019444444444444445
1 0.8328125 0.350462962962963 0.013541666666666667 0.013888888888888888
