0 0.8130208333333333 0.2361111111111111 0.10625 0.1537037037037037
0 0.5872395833333334 0.14212962962962963 0.03177083333333333 0.05648148148148148
1 0.8252604166666667 0.18472222222222223 0.06510416666666667 0.032407407407407406
1 0.81796875 0.2337962962962963 0.0515625 0.032407407407407406
1 0.7854166666666667 0.28194444444444444 0.036458333333333336 0.026851851851851852
1 0.5861979166666667 0.1412037037037037 0.027604166666666666 0.025
1 0.20026041666666666 0.29768518518518516 0.0234375 0.010185185185185186
1 0.20130208333333333 0.32731481481481484 0.030729166666666665 0.013888888888888888
1 0.20078125 0.2861111111111111 0.0265625 0.012962962962962963
1 0.10078125 0.28888888888888886 0.013020833333333334 0.011111111111111112
1 0.011979166666666667 0.30092592592592593 0.013541666666666667 0.05740740740740741
1 0.20338541666666668 0.31157407407407406 0.021354166666666667 0.010185185185185186
