0 0.7752604166666667 0.2759259259259259 0.12135416666666667 0.06666666666666667
0 0.7731770833333333 0.3365740740740741 0.12135416666666667 0.07314814814814814
0 0.7252604166666666 0.3819444444444444 0.027604166666666666 0.041666666666666664
0 0.7768229166666667 0.21342592592592594 0.1203125 0.0787037037037037
0 0.7315104166666667 0.08564814814814815 0.08697916666666666 0.15833333333333333
0 0.6291666666666667 0.30694444444444446 0.025 0.013888888888888888
0 0.6510416666666666 0.28935185185185186 0.007291666666666667 0.013888888888888888
0 0.64296875 0.2902777777777778 0.022395833333333334 0.026851851851851852
1 0.7921875 0.21481481481481482 0.07291666666666667 0.04259259259259259
1 0.7927083333333333 0.2763888888888889 0.057291666666666664 0.03981481481481482
1 0.7875 0.33425925925925926 0.04583333333333333 0.03518518518518519
1 0.17135416666666667 0.23287037037037037 0.013541666666666667 0.010185185185185186
