0 0.81796875 0.337037037037037 0.0921875 0.14074074074074075
0 0.69375 0.0412037037037037 0.07083333333333333 0.0824074074074074
0 0.746875 0.14212962962962963 0.071875 0.11574074074074074
0 0.7822916666666667 0.23981481481481481 0.08125 0.053703703703703705
0 0.16067708333333333 0.29305555555555557 0.0203125 0.030555555555555555
0 0.628125 0.275 0.023958333333333335 0.03333333333333333
1 0.8104166666666667 0.37916666666666665 0.06145833333333333 0.030555555555555555
1 0.82421875 0.3351851851851852 0.05260416666666667 0.027777777777777776
1 0.79375 0.2490740740740741 0.035416666666666666 0.020370370370370372
1 0.7927083333333333 0.22962962962962963 0.026041666666666668 0.016666666666666666
1 0.8424479166666666 0.29444444444444445 0.03177083333333333 0.024074074074074074
