0 0.2234375 0.5189814814814815 0.058333333333333334 0.11203703703703703
0 0.22890625 0.6606481481481481 0.033854166666666664 0.17314814814814813
1 0.7067708333333333 0.23148148148148148 0.034375 0.014814814814814815
1 0.06796875 0.35694444444444445 0.030729166666666665 0.01574074074074074
1 0.07161458333333333 0.3736111111111111 0.0359375 0.012037037037037037
1 0.6346354166666667 0.19074074074074074 0.024479166666666666 0.018518518518518517
1 0.7005208333333334 0.20324074074074075 0.026041666666666668 0.01574074074074074
1 0.47552083333333334 0.5699074074074074 0.019791666666666666 0.023148148148148147
1 0.6354166666666666 0.20555555555555555 0.019791666666666666 0.011111111111111112
1 0.0890625 0.3541666666666667 0.0125 0.01574074074074074
