0 0.7861979166666667 0.22268518518518518 0.0609375 0.11388888888888889
1 0.3651041666666667 0.08518518518518518 0.07916666666666666 0.13703703703703704
1 0.19583333333333333 0.2324074074074074 0.03958333333333333 0.022222222222222223
1 0.37421875 0.15925925925925927 0.06197916666666667 0.0962962962962963
1 0.02265625 0.3199074074074074 0.044270833333333336 0.030555555555555555
1 0.07526041666666666 0.2601851851851852 0.024479166666666666 0.016666666666666666
1 0.18359375 0.28379629629629627 0.024479166666666666 0.013888888888888888
1 0.0953125 0.3425925925925926 0.019791666666666666 0.011111111111111112
1 0.18411458333333333 0.2935185185185185 0.024479166666666666 0.014814814814814815
1 0.0953125 0.33194444444444443 0.020833333333333332 0.012037037037037037
1 0.11666666666666667 0.2388888888888889 0.025 0.016666666666666666
1 0.19739583333333333 0.24537037037037038 0.03125 0.016666666666666666
1 0.11640625 0.2513888888888889 0.025520833333333333 0.01574074074074074
1 0.07473958333333333 0.24768518518518517 0.024479166666666666 0.017592592592592594
1 0.2513020833333333 0.3162037037037037 0.013020833333333334 0.023148148148148147
