0 0.75234375 0.16435185185185186 0.1640625 0.07314814814814814
0 0.7528645833333333 0.1050925925925926 0.16510416666666666 0.07685185185185185
0 0.6515625 0.44027777777777777 0.03854166666666667 0.07685185185185185
0 0.6552083333333333 0.37962962962962965 0.03125 0.053703703703703705
0 0.6604166666666667 0.32592592592592595 0.029166666666666667 0.053703703703703705
0 0.4395833333333333 0.30694444444444446 0.0125 0.021296296296296296
0 0.4388020833333333 0.3226851851851852 0.0109375 0.008333333333333333
1 0.7325520833333333 0.14907407407407408 0.06510416666666667 0.03518518518518519
1 0.7239583333333334 0.175 0.05 0.02962962962962963
1 0.7703125 0.09675925925925925 0.051041666666666666 0.032407407407407406
1 0.6484375 0.4601851851851852 0.025 0.020370370370370372
1 0.6580729166666667 0.3680555555555556 0.022395833333333334 0.1712962962962963
1 0.6505208333333333 0.41064814814814815 0.025 0.023148148148148147
1 0.6481770833333333 0.4425925925925926 0.0234375 0.020370370370370372
1 0.64921875 0.4273148148148148 0.018229166666666668 0.019444444444444445
1 0.7216145833333333 0.2064814814814815 0.04635416666666667 0.03148148148148148
1 0.7216145833333333 0.08842592592592592 0.044270833333333336 0.030555555555555555
1 0.7583333333333333 0.21064814814814814 0.028125 0.026851851851851852
