0 0.809375 0.18518518518518517 0.075 0.12407407407407407
0 0.70390625 0.25601851851851853 0.022395833333333334 0.03981481481481482
0 0.7026041666666667 0.2949074074074074 0.023958333333333335 0.03981481481481482
0 0.7018229166666666 0.3416666666666667 0.025520833333333333 0.05185185185185185
0 0.80859375 0.29212962962962963 0.022395833333333334 0.041666666666666664
0 0.8119791666666667 0.07407407407407407 0.075 0.12222222222222222
0 0.8065104166666667 0.3509259259259259 0.04010416666666667 0.05555555555555555
0 0.80859375 0.28379629629629627 0.04010416666666667 0.075
1 0.08046875 0.06157407407407407 0.06614583333333333 0.08055555555555556
1 0.06927083333333334 0.10601851851851851 0.036458333333333336 0.041666666666666664
1 0.09895833333333333 0.12129629629629629 0.027083333333333334 0.03518518518518519
1 0.8088541666666667 0.2625 0.020833333333333332 0.013888888888888888
