0 0.16848958333333333 0.43796296296296294 0.034895833333333334 0.06481481481481481
0 0.171875 0.5175925925925926 0.01875 0.09814814814814815
0 0.49765625 0.09907407407407408 0.04010416666666667 0.10740740740740741
0 0.44869791666666664 0.25092592592592594 0.0234375 0.03518518518518519
0 0.5716145833333334 0.09398148148148149 0.07447916666666667 0.11018518518518519
0 0.8309895833333333 0.2550925925925926 0.021354166666666667 0.03981481481481482
1 0.5736979166666667 0.07916666666666666 0.021354166666666667 0.013888888888888888
1 0.5731770833333333 0.06574074074074074 0.0234375 0.014814814814814815
1 0.5611979166666666 0.13564814814814816 0.0203125 0.013888888888888888
1 0.5518229166666667 0.12222222222222222 0.0140625 0.011111111111111112
1 0.5799479166666667 0.0962962962962963 0.0234375 0.014814814814814815
1 0.5705729166666667 0.10972222222222222 0.018229166666666668 0.012037037037037037
1 0.5505208333333333 0.11064814814814815 0.020833333333333332 0.013888888888888888
1 0.5026041666666666 0.09722222222222222 0.020833333333333332 0.016666666666666666
1 0.5526041666666667 0.09768518518518518 0.026041666666666668 0.01574074074074074
1 0.5713541666666667 0.05324074074074074 0.015625 0.012037037037037037
