0 0.7986979166666667 0.13194444444444445 0.1140625 0.04722222222222222
0 0.79921875 0.09166666666666666 0.1140625 0.04814814814814815
0 0.7984375 0.17222222222222222 0.11354166666666667 0.04814814814814815
0 0.7994791666666666 0.053703703703703705 0.11458333333333333 0.05
0 0.53984375 0.225 0.018229166666666668 0.03333333333333333
0 0.5653645833333333 0.22453703703703703 0.025520833333333333 0.032407407407407406
0 0.5140625 0.225 0.023958333333333335 0.03333333333333333
1 0.8080729166666667 0.21388888888888888 0.0515625 0.03518518518518519
1 0.06744791666666666 0.24074074074074073 0.049479166666666664 0.03888888888888889
1 0.7815104166666667 0.08148148148148149 0.04010416666666667 0.024074074074074074
1 0.78046875 0.09814814814814815 0.03802083333333333 0.020370370370370372
1 0.7846354166666667 0.16157407407407406 0.04635416666666667 0.025
1 0.821875 0.16574074074074074 0.03229166666666667 0.022222222222222223
1 0.8158854166666667 0.08703703703703704 0.0328125 0.024074074074074074
1 0.7927083333333333 0.12361111111111112 0.04479166666666667 0.023148148148148147
1 0.7786458333333334 0.04351851851851852 0.03229166666666667 0.020370370370370372
1 0.6739583333333333 0.15185185185185185 0.034375 0.027777777777777776
1 0.8231770833333333 0.1259259259259259 0.021354166666666667 0.022222222222222223
1 0.8052083333333333 0.04722222222222222 0.019791666666666666 0.016666666666666666
