0 0.8143229166666667 0.300462962962963 0.06614583333333333 0.11944444444444445
0 0.8158854166666667 0.1736111111111111 0.10052083333333334 0.15833333333333333
0 0.36041666666666666 0.30972222222222223 0.027083333333333334 0.05462962962962963
1 0.5036458333333333 0.175 0.029166666666666667 0.016666666666666666
1 0.9825520833333333 0.31851851851851853 0.030729166666666665 0.016666666666666666
1 0.5729166666666666 0.3384259259259259 0.034375 0.013888888888888888
1 0.5697916666666667 0.324537037037037 0.03125 0.012037037037037037
1 0.59453125 0.32592592592592595 0.021354166666666667 0.011111111111111112
1 0.5989583333333334 0.3388888888888889 0.014583333333333334 0.011111111111111112
1 0.8953125 0.30787037037037035 0.020833333333333332 0.017592592592592594
