0 0.7666666666666667 0.3648148148148148 0.11145833333333334 0.19444444444444445
0 0.52421875 0.3277777777777778 0.024479166666666666 0.04259259259259259
0 0.559375 0.30185185185185187 0.046875 0.07777777777777778
0 0.55546875 0.3699074074074074 0.04635416666666667 0.0787037037037037
0 0.5546875 0.41712962962962963 0.03229166666666667 0.028703703703703703
0 0.7658854166666667 0.4912037037037037 0.07552083333333333 0.06018518518518518
0 0.4921875 0.3162037037037037 0.016666666666666666 0.030555555555555555
1 0.7515625 0.49722222222222223 0.03229166666666667 0.037037037037037035
1 0.55390625 0.4148148148148148 0.0140625 0.014814814814814815
1 0.7770833333333333 0.5 0.021875 0.03148148148148148
