0 0.16770833333333332 0.5472222222222223 0.023958333333333335 0.11666666666666667
0 0.16302083333333334 0.45416666666666666 0.0375 0.06759259259259259
0 0.65 0.05925925925925926 0.084375 0.11481481481481481
0 0.7575520833333333 0.21203703703703702 0.027604166666666666 0.03888888888888889
0 0.4356770833333333 0.36527777777777776 0.0067708333333333336 0.032407407407407406
0 0.475 0.05694444444444444 0.10416666666666667 0.11203703703703703
0 0.56484375 0.056018518518518516 0.06614583333333333 0.11203703703703703
1 0.05572916666666667 0.2675925925925926 0.035416666666666666 0.02962962962962963
1 0.6419270833333334 0.08194444444444444 0.0328125 0.023148148148148147
1 0.46145833333333336 0.08796296296296297 0.034375 0.022222222222222223
1 0.6481770833333333 0.03287037037037037 0.04635416666666667 0.023148148148148147
1 0.5708333333333333 0.06481481481481481 0.04375 0.020370370370370372
1 0.4856770833333333 0.027777777777777776 0.034895833333333334 0.020370370370370372
1 0.6453125 0.05787037037037037 0.0375 0.021296296296296296
1 0.46015625 0.05925925925925926 0.03177083333333333 0.022222222222222223
1 0.5619791666666667 0.0412037037037037 0.028125 0.019444444444444445
1 0.45546875 0.029166666666666667 0.021354166666666667 0.021296296296296296
1 0.4921875 0.0587962962962963 0.027083333333333334 0.021296296296296296
1 0.6184895833333334 0.04537037037037037 0.013020833333333334 0.022222222222222223
