0 0.66953125 0.09722222222222222 0.10677083333333333 0.03333333333333333
0 0.66875 0.06342592592592593 0.10520833333333333 0.032407407407407406
0 0.5638020833333334 0.2708333333333333 0.019270833333333334 0.03425925925925926
0 0.6713541666666667 0.16620370370370371 0.10520833333333333 0.032407407407407406
0 0.8125 0.18333333333333332 0.06770833333333333 0.11851851851851852
0 0.6708333333333333 0.13194444444444445 0.10520833333333333 0.032407407407407406
0 0.6721354166666667 0.20092592592592592 0.1046875 0.03518518518518519
1 0.6552083333333333 0.125 0.0375 0.018518518518518517
1 0.6541666666666667 0.05694444444444444 0.036458333333333336 0.013888888888888888
1 0.6510416666666666 0.19398148148148148 0.027083333333333334 0.017592592592592594
1 0.6518229166666667 0.20972222222222223 0.027604166666666666 0.013888888888888888
1 0.65078125 0.09074074074074075 0.028645833333333332 0.014814814814814815
1 0.6783854166666666 0.1587962962962963 0.034895833333333334 0.013888888888888888
1 0.6533854166666667 0.22962962962962963 0.028645833333333332 0.016666666666666666
1 0.65078125 0.17222222222222222 0.021354166666666667 0.012962962962962963
1 0.6479166666666667 0.1587962962962963 0.021875 0.013888888888888888
1 0.6763020833333333 0.22916666666666666 0.019270833333333334 0.017592592592592594
1 0.67421875 0.09027777777777778 0.0171875 0.01574074074074074
1 0.6497395833333334 0.13657407407407407 0.028645833333333332 0.01574074074074074
