0 0.62578125 0.3337962962962963 0.019270833333333334 0.03425925925925926
1 0.7111979166666667 0.2935185185185185 0.033854166666666664 0.024074074074074074
1 0.7783854166666667 0.35648148148148145 0.04635416666666667 0.016666666666666666
1 0.6283854166666667 0.24351851851851852 0.0328125 0.016666666666666666
1 0.7065104166666667 0.5912037037037037 0.03177083333333333 0.019444444444444445
1 0.62890625 0.26157407407407407 0.030729166666666665 0.01574074074074074
1 0.634375 0.1824074074074074 0.059375 0.024074074074074074
1 0.7877604166666666 0.3375 0.024479166666666666 0.013888888888888888
1 0.6231770833333333 0.19907407407407407 0.04010416666666667 0.022222222222222223
1 0.65546875 0.2 0.0359375 0.018518518518518517
1 0.6794270833333333 0.18611111111111112 0.034895833333333334 0.020370370370370372
1 0.71015625 0.18796296296296297 0.0265625 0.016666666666666666
1 0.61640625 0.22453703703703703 0.018229166666666668 0.013888888888888888
1 0.6817708333333333 0.2023148148148148 0.01875 0.01574074074074074
