0 0.8434895833333333 0.36018518518518516 0.044270833333333336 0.046296296296296294
0 0.84140625 0.29583333333333334 0.0265625 0.08611111111111111
1 0.6221354166666667 0.28379629629629627 0.05260416666666667 0.025
1 0.61640625 0.24722222222222223 0.0359375 0.025925925925925925
1 0.14921875 0.3680555555555556 0.018229166666666668 0.023148148148148147
1 0.6536458333333334 0.23425925925925925 0.03333333333333333 0.022222222222222223
1 0.684375 0.25555555555555554 0.03333333333333333 0.020370370370370372
1 0.6510416666666666 0.26944444444444443 0.03333333333333333 0.024074074074074074
1 0.57421875 0.3416666666666667 0.028645833333333332 0.024074074074074074
1 0.653125 0.2518518518518518 0.03125 0.020370370370370372
1 0.6869791666666667 0.29305555555555557 0.020833333333333332 0.017592592592592594
1 0.7369791666666666 0.2689814814814815 0.028125 0.023148148148148147
1 0.684375 0.27314814814814814 0.03229166666666667 0.022222222222222223
1 0.1421875 0.34120370370370373 0.023958333333333335 0.028703703703703703
1 0.6802083333333333 0.23842592592592593 0.029166666666666667 0.023148148148148147
1 0.1640625 0.3384259259259259 0.022916666666666665 0.021296296296296296
1 0.65703125 0.2884259259259259 0.0171875 0.019444444444444445
1 0.5518229166666667 0.337037037037037 0.013020833333333334 0.016666666666666666
1 0.5609375 0.3226851851851852 0.015625 0.01574074074074074
