0 0.07760416666666667 0.36018518518518516 0.140625 0.05555555555555555
0 0.0765625 0.3106481481481482 0.14166666666666666 0.05092592592592592
0 0.8861979166666667 0.30462962962962964 0.022395833333333334 0.03518518518518519
0 0.8463541666666666 0.2828703703703704 0.03125 0.05648148148148148
0 0.84765625 0.22870370370370371 0.030729166666666665 0.05555555555555555
1 0.053125 0.36018518518518516 0.036458333333333336 0.02962962962962963
1 0.06041666666666667 0.3236111111111111 0.05 0.021296296296296296
1 0.07239583333333334 0.300462962962963 0.041666666666666664 0.021296296296296296
1 0.10494791666666667 0.3194444444444444 0.03177083333333333 0.020370370370370372
1 0.84765625 0.23055555555555557 0.027604166666666666 0.03333333333333333
1 0.04348958333333333 0.2986111111111111 0.021354166666666667 0.025
