0 0.8114583333333333 0.4166666666666667 0.053125 0.13703703703703704
0 0.8216145833333334 0.2824074074074074 0.0515625 0.1388888888888889
0 0.5463541666666667 0.2851851851851852 0.0375 0.14074074074074075
1 0.41640625 0.08194444444444444 0.06822916666666666 0.03425925925925926
1 0.41875 0.10972222222222222 0.08854166666666667 0.03981481481481482
1 0.2046875 0.06712962962962964 0.026041666666666668 0.021296296296296296
1 0.0140625 0.3148148148148148 0.020833333333333332 0.018518518518518517
1 0.19661458333333334 0.08935185185185185 0.0390625 0.017592592592592594
1 0.016145833333333335 0.3416666666666667 0.01875 0.024074074074074074
1 0.16770833333333332 0.10648148148148148 0.034375 0.014814814814814815
1 0.37213541666666666 0.1300925925925926 0.0328125 0.021296296296296296
1 0.19635416666666666 0.10648148148148148 0.023958333333333335 0.016666666666666666
1 0.3997395833333333 0.13287037037037036 0.024479166666666666 0.017592592592592594
1 0.44192708333333336 0.13657407407407407 0.016145833333333335 0.019444444444444445
1 0.45625 0.13796296296296295 0.0125 0.018518518518518517
1 0.4671875 0.1398148148148148 0.016666666666666666 0.022222222222222223
1 0.42890625 0.1361111111111111 0.015104166666666667 0.018518518518518517
1 0.012760416666666666 0.2967592592592593 0.011979166666666667 0.01574074074074074
