0 0.7848958333333333 0.2865740740740741 0.06770833333333333 0.125
0 0.7838541666666666 0.375 0.065625 0.053703703703703705
0 0.0859375 0.24953703703703703 0.125 0.04537037037037037
0 0.7286458333333333 0.3060185185185185 0.023958333333333335 0.04351851851851852
1 0.7791666666666667 0.36712962962962964 0.03333333333333333 0.019444444444444445
1 0.7859375 0.30787037037037035 0.022916666666666665 0.028703703703703703
1 0.10338541666666666 0.25555555555555554 0.03697916666666667 0.025925925925925925
1 0.039322916666666666 0.25092592592592594 0.030729166666666665 0.03333333333333333
1 0.7703125 0.3851851851851852 0.019791666666666666 0.018518518518518517
1 0.7955729166666666 0.38657407407407407 0.025520833333333333 0.01574074074074074
1 0.06770833333333333 0.25277777777777777 0.03229166666666667 0.02962962962962963
1 0.80078125 0.3675925925925926 0.0109375 0.016666666666666666
