0 0.5895833333333333 0.1388888888888889 0.06041666666666667 0.10740740740740741
0 0.5908854166666667 0.22268518518518518 0.0609375 0.06574074074074074
1 0.453125 0.12083333333333333 0.096875 0.08611111111111111
1 0.0328125 0.2273148148148148 0.05625 0.03796296296296296
1 0.58515625 0.20694444444444443 0.0296875 0.017592592592592594
1 0.578125 0.23842592592592593 0.028125 0.013888888888888888
1 0.8463541666666666 0.24814814814814815 0.021875 0.016666666666666666
1 0.8447916666666667 0.28379629629629627 0.015625 0.01574074074074074
1 0.58046875 0.22314814814814815 0.027604166666666666 0.012962962962962963
1 0.6046875 0.2361111111111111 0.023958333333333335 0.016666666666666666
1 0.6072916666666667 0.22175925925925927 0.020833333333333332 0.013888888888888888
1 0.8450520833333334 0.25972222222222224 0.0140625 0.01574074074074074
1 0.84453125 0.2953703703703704 0.0140625 0.014814814814814815
1 0.84609375 0.12268518518518519 0.019270833333333334 0.021296296296296296
1 0.8432291666666667 0.31851851851851853 0.017708333333333333 0.014814814814814815
1 0.9098958333333333 0.6972222222222222 0.03125 0.037037037037037035
