0 0.8927083333333333 0.5060185185185185 0.05625 0.12685185185185185
0 0.96640625 0.537962962962963 0.06510416666666667 0.08333333333333333
0 0.9658854166666667 0.48518518518518516 0.06822916666666666 0.08888888888888889
0 0.9549479166666667 0.41898148148148145 0.09010416666666667 0.10277777777777777
0 0.9619791666666667 0.5907407407407408 0.06458333333333334 0.08518518518518518
1 0.93984375 0.40879629629629627 0.06197916666666667 0.06759259259259259
1 0.9549479166666667 0.4736111111111111 0.034895833333333334 0.049074074074074076
1 0.9057291666666667 0.2638888888888889 0.027083333333333334 0.02962962962962963
1 0.9481770833333333 0.2796296296296296 0.03802083333333333 0.03518518518518519
1 0.9825520833333333 0.49074074074074076 0.0234375 0.037037037037037035
1 0.9614583333333333 0.5953703703703703 0.046875 0.05925925925925926
1 0.9489583333333333 0.5305555555555556 0.027083333333333334 0.044444444444444446
1 0.45286458333333335 0.4125 0.07447916666666667 0.03425925925925926
1 0.9252604166666667 0.27314814814814814 0.0140625 0.022222222222222223
