0 0.77265625 0.2101851851851852 0.08385416666666666 0.24444444444444444
1 0.5971354166666667 0.16574074074074074 0.06927083333333334 0.037037037037037035
1 0.5986979166666667 0.13055555555555556 0.07135416666666666 0.025925925925925925
1 0.5979166666666667 0.2324074074074074 0.06145833333333333 0.020370370370370372
1 0.6364583333333333 0.25 0.05416666666666667 0.020370370370370372
1 0.5934895833333333 0.21342592592592594 0.050520833333333334 0.019444444444444445
1 0.5901041666666667 0.25 0.04479166666666667 0.016666666666666666
1 0.215625 0.23425925925925925 0.036458333333333336 0.014814814814814815
1 0.57421875 0.1962962962962963 0.022395833333333334 0.016666666666666666
1 0.10598958333333333 0.18935185185185185 0.018229166666666668 0.021296296296296296
1 0.21302083333333333 0.24583333333333332 0.034375 0.01574074074074074
1 0.21302083333333333 0.22453703703703703 0.030208333333333334 0.013888888888888888
1 0.5940104166666667 0.19537037037037036 0.021354166666666667 0.018518518518518517
1 0.6544270833333333 0.21157407407407408 0.0203125 0.026851851851851852
