0 0.37265625 0.07268518518518519 0.07447916666666667 0.09166666666666666
0 0.6322916666666667 0.07175925925925926 0.06770833333333333 0.08981481481481482
0 0.49895833333333334 0.06944444444444445 0.084375 0.09259259259259259
0 0.29739583333333336 0.0787037037037037 0.07395833333333333 0.09444444444444444
0 0.725 0.22361111111111112 0.01875 0.03425925925925926
0 0.6002604166666666 0.3416666666666667 0.0036458333333333334 0.018518518518518517
1 0.2953125 0.10833333333333334 0.026041666666666668 0.014814814814814815
1 0.9674479166666666 0.30833333333333335 0.027604166666666666 0.014814814814814815
1 0.62734375 0.062037037037037036 0.043229166666666666 0.018518518518518517
1 0.30625 0.46296296296296297 0.021875 0.014814814814814815
1 0.296875 0.09490740740740741 0.027083333333333334 0.01574074074074074
1 0.6322916666666667 0.07546296296296297 0.03125 0.01574074074074074
1 0.6356770833333333 0.09351851851851851 0.0265625 0.018518518518518517
1 0.2947916666666667 0.06527777777777778 0.021875 0.012037037037037037
1 0.49921875 0.07546296296296297 0.0265625 0.013888888888888888
1 0.37942708333333336 0.04722222222222222 0.016145833333333335 0.014814814814814815
1 0.3109375 0.07685185185185185 0.023958333333333335 0.012962962962962963
1 0.29140625 0.07824074074074074 0.019270833333333334 0.012037037037037037
1 0.36640625 0.07916666666666666 0.0171875 0.01574074074074074
1 0.5075520833333333 0.06157407407407407 0.021354166666666667 0.012037037037037037
1 0.36692708333333335 0.06527777777777778 0.018229166666666668 0.01574074074074074
1 0.2984375 0.04722222222222222 0.01875 0.012962962962962963
1 0.6268229166666667 0.046296296296296294 0.018229166666666668 0.011111111111111112
1 0.6109375 0.04490740740740741 0.0125 0.013888888888888888
1 0.36666666666666664 0.09722222222222222 0.020833333333333332 0.016666666666666666
1 0.4875 0.06157407407407407 0.019791666666666666 0.013888888888888888
1 0.31588541666666664 0.09444444444444444 0.018229166666666668 0.020370370370370372
1 0.3619791666666667 0.04722222222222222 0.011458333333333333 0.014814814814814815
1 0.3958333333333333 0.04675925925925926 0.011458333333333333 0.01574074074074074
