0 0.76796875 0.11990740740740741 0.0703125 0.12129629629629629
0 0.7703125 0.21851851851851853 0.06875 0.07222222222222222
1 0.8622395833333333 0.15324074074074073 0.06822916666666666 0.07314814814814814
1 0.8651041666666667 0.19444444444444445 0.06979166666666667 0.06666666666666667
1 0.86796875 0.11064814814814815 0.08072916666666667 0.08981481481481482
1 0.4622395833333333 0.37824074074074077 0.033854166666666664 0.017592592592592594
1 0.88203125 0.2777777777777778 0.0234375 0.022222222222222223
1 0.7630208333333334 0.07824074074074074 0.05520833333333333 0.017592592592592594
1 0.8299479166666667 0.175 0.021354166666666667 0.037037037037037035
1 0.7677083333333333 0.09907407407407408 0.016666666666666666 0.022222222222222223
1 0.8268229166666666 0.12453703703703704 0.0171875 0.03981481481481482
1 0.8263020833333333 0.10138888888888889 0.015104166666666667 0.03796296296296296
1 0.8286458333333333 0.1550925925925926 0.016666666666666666 0.032407407407407406
