0 0.8276041666666667 0.1837962962962963 0.03854166666666667 0.07685185185185185
0 0.19296875 0.29814814814814816 0.08802083333333334 0.05555555555555555
0 0.19453125 0.3351851851851852 0.08802083333333334 0.03518518518518519
0 0.19557291666666668 0.3597222222222222 0.08697916666666666 0.03425925925925926
1 0.18046875 0.33564814814814814 0.04635416666666667 0.025
1 0.19427083333333334 0.2884259259259259 0.046875 0.026851851851851852
1 0.18854166666666666 0.3087962962962963 0.036458333333333336 0.023148148148148147
1 0.17916666666666667 0.3611111111111111 0.042708333333333334 0.025925925925925925
1 0.21119791666666668 0.35555555555555557 0.021354166666666667 0.020370370370370372
1 0.21276041666666667 0.30324074074074076 0.016145833333333335 0.017592592592592594
1 0.4388020833333333 0.20972222222222223 0.044270833333333336 0.03796296296296296
