0 0.7075520833333333 0.22314814814814815 0.0515625 0.09814814814814815
0 0.7078125 0.14722222222222223 0.052083333333333336 0.05925925925925926
0 0.7088541666666667 0.07453703703703704 0.052083333333333336 0.09537037037037037
1 0.049479166666666664 0.18101851851851852 0.08125 0.1398148148148148
1 0.7044270833333334 0.13287037037037036 0.0265625 0.019444444444444445
1 0.7067708333333333 0.18981481481481483 0.040625 0.018518518518518517
1 0.703125 0.14583333333333334 0.027083333333333334 0.017592592592592594
1 0.7184895833333333 0.16203703703703703 0.018229166666666668 0.016666666666666666
1 0.7075520833333333 0.20694444444444443 0.015104166666666667 0.01574074074074074
1 0.6966145833333334 0.16064814814814815 0.022395833333333334 0.013888888888888888
1 0.7197916666666667 0.1486111111111111 0.013541666666666667 0.013888888888888888
