0 0.7973958333333333 0.1712962962962963 0.07291666666666667 0.1388888888888889
0 0.7986979166666667 0.2722222222222222 0.0765625 0.06111111111111111
1 0.7963541666666667 0.1574074074074074 0.057291666666666664 0.06481481481481481
1 0.7502604166666667 0.0837962962962963 0.0140625 0.06388888888888888
1 0.7838541666666666 0.2847222222222222 0.035416666666666666 0.017592592592592594
1 0.56015625 0.3194444444444444 0.018229166666666668 0.011111111111111112
1 0.7848958333333333 0.262037037037037 0.029166666666666667 0.020370370370370372
1 0.23177083333333334 0.22916666666666666 0.023958333333333335 0.017592592592592594
1 0.23177083333333334 0.25972222222222224 0.023958333333333335 0.01574074074074074
1 0.5122395833333333 0.13287037037037036 0.018229166666666668 0.012037037037037037
1 0.6682291666666667 0.23148148148148148 0.020833333333333332 0.014814814814814815
1 0.23255208333333333 0.2898148148148148 0.0234375 0.018518518518518517
1 0.8169270833333333 0.28564814814814815 0.034895833333333334 0.017592592592592594
1 0.8166666666666667 0.26157407407407407 0.022916666666666665 0.017592592592592594
1 0.7471354166666667 0.03935185185185185 0.011979166666666667 0.06018518518518518
1 0.81953125 0.05138888888888889 0.0171875 0.075
1 0.5122395833333333 0.12314814814814815 0.016145833333333335 0.011111111111111112
