0 0.83125 0.5189814814814815 0.078125 0.13796296296296295
0 0.23359375 0.33055555555555555 0.034895833333333334 0.03148148148148148
0 0.23567708333333334 0.26851851851851855 0.0359375 0.03518518518518519
0 0.23463541666666668 0.29907407407407405 0.034895833333333334 0.03333333333333333
0 0.2359375 0.23796296296296296 0.036458333333333336 0.03888888888888889
0 0.8369791666666667 0.32175925925925924 0.07604166666666666 0.13796296296296295
0 0.8330729166666667 0.4217592592592593 0.07760416666666667 0.06574074074074074
1 0.828125 0.4111111111111111 0.03854166666666667 0.022222222222222223
1 0.8473958333333333 0.43333333333333335 0.03125 0.020370370370370372
1 0.81796875 0.4305555555555556 0.025520833333333333 0.022222222222222223
1 0.8127604166666667 0.5226851851851851 0.0078125 0.05648148148148148
1 0.8520833333333333 0.412962962962963 0.013541666666666667 0.018518518518518517
