0 0.7041666666666667 0.07824074074074074 0.07916666666666666 0.025
0 0.7059895833333333 0.2351851851851852 0.0765625 0.024074074074074074
0 0.7059895833333333 0.18287037037037038 0.07864583333333333 0.026851851851851852
0 0.70546875 0.15601851851851853 0.07760416666666667 0.028703703703703703
0 0.7046875 0.10416666666666667 0.078125 0.026851851851851852
0 0.7033854166666667 0.05185185185185185 0.07864583333333333 0.027777777777777776
0 0.7057291666666666 0.20925925925925926 0.07708333333333334 0.024074074074074074
1 0.6932291666666667 0.15138888888888888 0.027083333333333334 0.013888888888888888
1 0.6880208333333333 0.05 0.021875 0.018518518518518517
1 0.7026041666666667 0.20833333333333334 0.028125 0.020370370370370372
1 0.6466145833333333 0.22453703703703703 0.025520833333333333 0.012037037037037037
1 0.6934895833333333 0.12407407407407407 0.028645833333333332 0.014814814814814815
1 0.6966145833333334 0.17685185185185184 0.033854166666666664 0.016666666666666666
1 0.690625 0.07175925925925926 0.023958333333333335 0.013888888888888888
1 0.6901041666666666 0.08333333333333333 0.023958333333333335 0.012962962962962963
1 0.7138020833333333 0.07268518518518519 0.022395833333333334 0.013888888888888888
1 0.69140625 0.22962962962962963 0.019270833333333334 0.012962962962962963
1 0.6893229166666667 0.10138888888888889 0.0234375 0.017592592592592594
1 0.65859375 0.20972222222222223 0.0171875 0.010185185185185186
1 0.6408854166666667 0.20972222222222223 0.0171875 0.012037037037037037
1 0.7216145833333333 0.17824074074074073 0.019270833333333334 0.013888888888888888
1 0.6875 0.23935185185185184 0.01875 0.013888888888888888
1 0.7104166666666667 0.10324074074074074 0.015625 0.01574074074074074
1 0.7234375 0.20833333333333334 0.016666666666666666 0.018518518518518517
1 0.71484375 0.125 0.015104166666666667 0.014814814814814815
1 0.71171875 0.24074074074074073 0.019270833333333334 0.011111111111111112
1 0.72421875 0.2300925925925926 0.0140625 0.01574074074074074
1 0.7125 0.22962962962962963 0.013541666666666667 0.012962962962962963
