0 0.81328125 0.3143518518518518 0.07135416666666666 0.12314814814814815
0 0.52734375 0.350462962962963 0.0171875 0.03425925925925926
0 0.8109375 0.4134259259259259 0.071875 0.08055555555555556
0 0.52734375 0.2916666666666667 0.016145833333333335 0.027777777777777776
1 0.80625 0.4134259259259259 0.034375 0.023148148148148147
1 0.8057291666666667 0.3921296296296296 0.03958333333333333 0.025
1 0.8127604166666667 0.3337962962962963 0.024479166666666666 0.023148148148148147
1 0.80859375 0.4337962962962963 0.0421875 0.025
1 0.8315104166666667 0.3962962962962963 0.011979166666666667 0.016666666666666666
1 0.6369791666666667 0.16574074074074074 0.009375 0.05555555555555555
