0 0.7278645833333334 0.19398148148148148 0.059895833333333336 0.11944444444444445
0 0.7268229166666667 0.0763888888888889 0.06510416666666667 0.12129629629629629
0 0.5299479166666666 0.2726851851851852 0.018229166666666668 0.032407407407407406
1 0.93515625 0.36666666666666664 0.0578125 0.040740740740740744
1 0.9408854166666667 0.17037037037037037 0.059895833333333336 0.037037037037037035
1 0.9466145833333334 0.3958333333333333 0.06302083333333333 0.04351851851851852
1 0.78984375 0.18703703703703703 0.050520833333333334 0.046296296296296294
1 0.9403645833333333 0.22824074074074074 0.027604166666666666 0.026851851851851852
1 0.96953125 0.43148148148148147 0.0171875 0.022222222222222223
1 0.9104166666666667 0.39814814814814814 0.011458333333333333 0.022222222222222223
1 0.8609375 0.37962962962962965 0.013541666666666667 0.014814814814814815
