0 0.08385416666666666 0.3578703703703704 0.01875 0.03981481481481482
1 0.8622395833333333 0.037037037037037035 0.06510416666666667 0.044444444444444446
1 0.8486979166666667 0.16111111111111112 0.059895833333333336 0.03148148148148148
1 0.88046875 0.21388888888888888 0.0421875 0.022222222222222223
1 0.8447916666666667 0.18564814814814815 0.04583333333333333 0.030555555555555555
1 0.8830729166666667 0.1925925925925926 0.034895833333333334 0.027777777777777776
1 0.8473958333333333 0.23425925925925925 0.021875 0.022222222222222223
1 0.8713541666666667 0.2375 0.027083333333333334 0.025
1 0.8908854166666667 0.1685185185185185 0.0234375 0.022222222222222223
1 0.8203125 0.18287037037037038 0.013541666666666667 0.021296296296296296
1 0.76171875 0.020833333333333332 0.0265625 0.030555555555555555
