0 0.778125 0.35509259259259257 0.09583333333333334 0.17685185185185184
0 0.18567708333333333 0.2796296296296296 0.025520833333333333 0.044444444444444446
0 0.7713541666666667 0.4810185185185185 0.09895833333333333 0.08981481481481482
0 0.3184895833333333 0.2986111111111111 0.05260416666666667 0.10462962962962963
0 0.4075520833333333 0.47824074074074074 0.018229166666666668 0.12314814814814815
0 0.3265625 0.18611111111111112 0.07708333333333334 0.13333333333333333
1 0.7546875 0.46435185185185185 0.035416666666666666 0.032407407407407406
1 0.7489583333333333 0.4935185185185185 0.04375 0.02962962962962963
1 0.7940104166666667 0.4722222222222222 0.027604166666666666 0.025925925925925925
1 0.79140625 0.49907407407407406 0.03802083333333333 0.025925925925925925
1 0.14453125 0.24768518518518517 0.0234375 0.01574074074074074
1 0.08671875 0.33101851851851855 0.033854166666666664 0.017592592592592594
1 0.030208333333333334 0.30416666666666664 0.028125 0.012037037037037037
1 0.017708333333333333 0.28564814814814815 0.019791666666666666 0.012037037037037037
1 0.017708333333333333 0.27361111111111114 0.019791666666666666 0.012037037037037037
1 0.059375 0.33055555555555555 0.019791666666666666 0.014814814814814815
1 0.7994791666666666 0.3712962962962963 0.052083333333333336 0.08148148148148149
