0 0.8463541666666666 0.30972222222222223 0.07708333333333334 0.1638888888888889
0 0.5791666666666667 0.19074074074074074 0.03333333333333333 0.05925925925925926
0 0.5807291666666666 0.25462962962962965 0.03333333333333333 0.05185185185185185
0 0.38776041666666666 0.07685185185185185 0.03697916666666667 0.03333333333333333
0 0.08697916666666666 0.2800925925925926 0.03229166666666667 0.05092592592592592
1 0.85546875 0.2861111111111111 0.049479166666666664 0.03333333333333333
1 0.85546875 0.32546296296296295 0.050520833333333334 0.028703703703703703
1 0.8359375 0.35833333333333334 0.04583333333333333 0.02962962962962963
1 0.5783854166666667 0.19074074074074074 0.030729166666666665 0.025925925925925925
1 0.8458333333333333 0.25787037037037036 0.029166666666666667 0.028703703703703703
1 0.051041666666666666 0.24953703703703703 0.014583333333333334 0.012037037037037037
1 0.8697916666666666 0.2638888888888889 0.019791666666666666 0.024074074074074074
