0 0.821875 0.2537037037037037 0.059375 0.10555555555555556
0 0.11901041666666666 0.3888888888888889 0.016145833333333335 0.07777777777777778
0 0.596875 0.39305555555555555 0.01875 0.0824074074074074
0 0.11744791666666667 0.3189814814814815 0.03802083333333333 0.06388888888888888
0 0.5989583333333334 0.3212962962962963 0.041666666666666664 0.06666666666666667
1 0.7674479166666667 0.31157407407407406 0.0390625 0.017592592592592594
1 0.8408854166666667 0.31527777777777777 0.021354166666666667 0.013888888888888888
1 0.8661458333333333 0.31574074074074077 0.020833333333333332 0.014814814814814815
1 0.7966145833333333 0.31296296296296294 0.019270833333333334 0.014814814814814815
1 0.73984375 0.30694444444444446 0.0171875 0.017592592592592594
