0 0.8671875 0.22268518518518518 0.071875 0.030555555555555555
0 0.8677083333333333 0.16944444444444445 0.071875 0.03148148148148148
0 0.8671875 0.19583333333333333 0.071875 0.030555555555555555
0 0.86640625 0.24768518518518517 0.07135416666666666 0.028703703703703703
0 0.8677083333333333 0.1425925925925926 0.071875 0.03148148148148148
1 0.8625 0.14027777777777778 0.03854166666666667 0.025
1 0.8645833333333334 0.2162037037037037 0.041666666666666664 0.017592592592592594
1 0.06640625 0.32685185185185184 0.0265625 0.02962962962962963
1 0.8533854166666667 0.16666666666666666 0.019270833333333334 0.018518518518518517
1 0.86015625 0.19027777777777777 0.03177083333333333 0.019444444444444445
1 0.014322916666666666 0.17407407407407408 0.0203125 0.012962962962962963
1 0.8817708333333333 0.24583333333333332 0.017708333333333333 0.013888888888888888
1 0.040364583333333336 0.1925925925925926 0.016145833333333335 0.020370370370370372
1 0.85859375 0.24259259259259258 0.0296875 0.018518518518518517
