0 0.8015625 0.3023148148148148 0.11458333333333333 0.08425925925925926
0 0.7997395833333333 0.3662037037037037 0.11510416666666666 0.058333333333333334
0 0.8026041666666667 0.2337962962962963 0.11770833333333333 0.06018518518518518
0 0.3177083333333333 0.2972222222222222 0.030208333333333334 0.04814814814814815
0 0.6690104166666667 0.32037037037037036 0.03177083333333333 0.04814814814814815
0 0.38333333333333336 0.3162037037037037 0.00625 0.030555555555555555
0 0.384375 0.29074074074074074 0.010416666666666666 0.016666666666666666
0 0.54296875 0.2847222222222222 0.0067708333333333336 0.01574074074074074
1 0.8174479166666667 0.28564814814814815 0.059895833333333336 0.028703703703703703
1 0.8111979166666666 0.31574074074074077 0.050520833333333334 0.02962962962962963
1 0.7942708333333334 0.2337962962962963 0.041666666666666664 0.028703703703703703
1 0.7768229166666667 0.36342592592592593 0.04635416666666667 0.028703703703703703
1 0.81796875 0.36712962962962964 0.025520833333333333 0.023148148148148147
