0 0.7786458333333334 0.1726851851851852 0.115625 0.05462962962962963
1 0.07473958333333333 0.22546296296296298 0.0390625 0.028703703703703703
1 0.0765625 0.27870370370370373 0.03854166666666667 0.027777777777777776
1 0.8442708333333333 0.9282407407407407 0.03229166666666667 0.021296296296296296
1 0.7744791666666667 0.16157407407407406 0.06458333333333334 0.030555555555555555
1 0.07317708333333334 0.1736111111111111 0.04010416666666667 0.030555555555555555
1 0.475 0.4912037037037037 0.027083333333333334 0.013888888888888888
1 0.8809895833333333 0.16666666666666666 0.009895833333333333 0.08518518518518518
1 0.7635416666666667 0.1787037037037037 0.023958333333333335 0.022222222222222223
1 0.7484375 0.17685185185185184 0.014583333333333334 0.018518518518518517
