0 0.8046875 0.37407407407407406 0.109375 0.18333333333333332
0 0.675 0.39444444444444443 0.04479166666666667 0.03888888888888889
0 0.80390625 0.49027777777777776 0.0734375 0.06018518518518518
0 0.6768229166666667 0.337037037037037 0.044270833333333336 0.08148148148148149
1 0.67421875 0.387037037037037 0.027604166666666666 0.016666666666666666
1 0.7901041666666667 0.4949074074074074 0.034375 0.041666666666666664
1 0.81484375 0.49953703703703706 0.018229166666666668 0.030555555555555555
1 0.6651041666666667 0.4 0.020833333333333332 0.016666666666666666
1 0.6841145833333333 0.4009259259259259 0.016145833333333335 0.014814814814814815
1 0.6872395833333333 0.387037037037037 0.0140625 0.014814814814814815
