0 0.54375 0.031018518518518518 0.07916666666666666 0.03611111111111111
0 0.5453125 0.09259259259259259 0.08125 0.09814814814814815
0 0.48541666666666666 0.2490740740740741 0.008333333333333333 0.014814814814814815
1 0.5283854166666667 0.1111111111111111 0.0296875 0.014814814814814815
1 0.5401041666666667 0.12361111111111112 0.027083333333333334 0.01574074074074074
1 0.62578125 0.031018518518518518 0.06302083333333333 0.03981481481481482
1 0.6669270833333333 0.32037037037037036 0.024479166666666666 0.014814814814814815
1 0.54375 0.03148148148148148 0.026041666666666668 0.014814814814814815
1 0.5583333333333333 0.1087962962962963 0.026041666666666668 0.01574074074074074
1 0.5408854166666667 0.058333333333333334 0.018229166666666668 0.018518518518518517
1 0.528125 0.08703703703703704 0.017708333333333333 0.016666666666666666
1 0.5458333333333333 0.08564814814814815 0.015625 0.021296296296296296
1 0.5575520833333333 0.0587962962962963 0.015104166666666667 0.017592592592592594
1 0.6515625 0.3226851851851852 0.014583333333333334 0.013888888888888888
1 0.5140625 0.08703703703703704 0.009375 0.016666666666666666
