0 0.7799479166666666 0.09490740740740741 0.0984375 0.08981481481481482
0 0.88671875 0.23333333333333334 0.0265625 0.040740740740740744
0 0.3411458333333333 0.10648148148148148 0.06770833333333333 0.044444444444444446
0 0.6052083333333333 0.2125 0.023958333333333335 0.04351851851851852
0 0.46979166666666666 0.10648148148148148 0.07708333333333334 0.046296296296296294
1 0.7776041666666667 0.12083333333333333 0.046875 0.019444444444444445
1 0.775 0.10277777777777777 0.041666666666666664 0.018518518518518517
1 0.47291666666666665 0.09814814814814815 0.03854166666666667 0.016666666666666666
1 0.77109375 0.0837962962962963 0.033854166666666664 0.019444444444444445
1 0.7690104166666667 0.06574074074074074 0.028645833333333332 0.020370370370370372
1 0.3380208333333333 0.1125 0.027083333333333334 0.01574074074074074
1 0.47942708333333334 0.11388888888888889 0.0265625 0.016666666666666666
1 0.8015625 0.0837962962962963 0.019791666666666666 0.017592592592592594
1 0.34921875 0.09722222222222222 0.019270833333333334 0.012962962962962963
1 0.33098958333333334 0.0962962962962963 0.016145833333333335 0.014814814814814815
1 0.7838541666666666 0.06574074074074074 0.014583333333333334 0.018518518518518517
