0 0.7731770833333333 0.28888888888888886 0.15364583333333334 0.15555555555555556
0 0.49322916666666666 0.30185185185185187 0.030208333333333334 0.04259259259259259
0 0.5674479166666667 0.34120370370370373 0.034895833333333334 0.06018518518518518
0 0.7557291666666667 0.3990740740740741 0.15625 0.07037037037037037
1 0.78046875 0.39861111111111114 0.1046875 0.04537037037037037
1 0.16484375 0.42268518518518516 0.0796875 0.11203703703703703
1 0.7940104166666667 0.2537037037037037 0.0828125 0.040740740740740744
1 0.7994791666666666 0.32175925925925924 0.07708333333333334 0.04722222222222222
1 0.11432291666666666 0.3314814814814815 0.0609375 0.04259259259259259
1 0.16848958333333333 0.33240740740740743 0.0484375 0.03148148148148148
1 0.0265625 0.487962962962963 0.03854166666666667 0.027777777777777776
