0 0.8072916666666666 0.29953703703703705 0.042708333333333334 0.04351851851851852
0 0.8083333333333333 0.22037037037037038 0.04479166666666667 0.12407407407407407
0 0.83671875 0.3402777777777778 0.10260416666666666 0.03981481481481482
0 0.8354166666666667 0.37407407407407406 0.10208333333333333 0.040740740740740744
1 0.8955729166666667 0.2199074074074074 0.07552083333333333 0.09351851851851851
1 0.8276041666666667 0.37407407407407406 0.046875 0.03148148148148148
1 0.93203125 0.3125 0.0515625 0.03796296296296296
1 0.12369791666666667 0.3509259259259259 0.0484375 0.03518518518518519
1 0.8299479166666667 0.3402777777777778 0.05677083333333333 0.032407407407407406
1 0.6018229166666667 0.29259259259259257 0.022395833333333334 0.016666666666666666
1 0.18385416666666668 0.34120370370370373 0.023958333333333335 0.032407407407407406
1 0.6666666666666666 0.29583333333333334 0.01875 0.028703703703703703
1 0.80703125 0.30092592592592593 0.016145833333333335 0.020370370370370372
1 0.9791666666666666 0.3199074074074074 0.04479166666666667 0.04351851851851852
