0 0.82265625 0.27824074074074073 0.049479166666666664 0.1175925925925926
0 0.7270833333333333 0.29259259259259257 0.019791666666666666 0.03518518518518519
0 0.7268229166666667 0.3398148148148148 0.03697916666666667 0.046296296296296294
0 0.7276041666666667 0.28194444444444444 0.0375 0.06944444444444445
1 0.23932291666666666 0.17222222222222222 0.025520833333333333 0.03518518518518519
1 0.6416666666666667 0.28379629629629627 0.015625 0.01574074074074074
1 0.7278645833333334 0.2662037037037037 0.016145833333333335 0.012037037037037037
1 0.7190104166666667 0.2523148148148148 0.021354166666666667 0.013888888888888888
1 0.7239583333333334 0.3226851851851852 0.026041666666666668 0.010185185185185186
1 0.73828125 0.2537037037037037 0.015104166666666667 0.012962962962962963
