0 0.771875 0.7328703703703704 0.07708333333333334 0.16574074074074074
0 0.53984375 0.5273148148148148 0.0453125 0.09907407407407408
0 0.5984375 0.575462962962963 0.046875 0.10462962962962963
0 0.6723958333333333 0.6435185185185185 0.06354166666666666 0.13518518518518519
0 0.9138020833333333 0.8666666666666667 0.11510416666666666 0.22777777777777777
1 0.6479166666666667 0.025 0.052083333333333336 0.027777777777777776
1 0.559375 0.013888888888888888 0.051041666666666666 0.03148148148148148
1 0.6015625 0.018518518518518517 0.03333333333333333 0.027777777777777776
1 0.6942708333333333 0.03287037037037037 0.026041666666666668 0.028703703703703703
1 0.2677083333333333 0.012037037037037037 0.015625 0.011111111111111112
1 0.23177083333333334 0.012962962962962963 0.010416666666666666 0.011111111111111112
1 0.30885416666666665 0.009722222222222222 0.0125 0.013888888888888888
1 0.28359375 0.010648148148148148 0.0109375 0.013888888888888888
1 0.22135416666666666 0.013888888888888888 0.008333333333333333 0.011111111111111112
1 0.296875 0.010185185185185186 0.011458333333333333 0.014814814814814815
1 0.24296875 0.0125 0.009895833333333333 0.012037037037037037
1 0.25338541666666664 0.011574074074074073 0.009895833333333333 0.012037037037037037
