0 0.13515625 0.44074074074074077 0.0359375 0.06851851851851852
0 0.4515625 0.05324074074074074 0.09166666666666666 0.10648148148148148
0 0.5494791666666666 0.052314814814814814 0.07083333333333333 0.10462962962962963
0 0.646875 0.055092592592592596 0.09791666666666667 0.11018518518518519
0 0.7989583333333333 0.21805555555555556 0.027083333333333334 0.04351851851851852
0 0.13828125 0.5277777777777778 0.021354166666666667 0.1111111111111111
1 0.78984375 0.03935185185185185 0.0828125 0.05092592592592592
1 0.7916666666666666 0.07268518518518519 0.06666666666666667 0.019444444444444445
1 0.46640625 0.01990740740740741 0.049479166666666664 0.028703703703703703
1 0.7135416666666666 0.2763888888888889 0.027083333333333334 0.025
1 0.62421875 0.07824074074074074 0.0359375 0.023148148148148147
1 0.46432291666666664 0.04537037037037037 0.044270833333333336 0.027777777777777776
1 0.7104166666666667 0.1087962962962963 0.021875 0.017592592592592594
1 0.45989583333333334 0.07268518518518519 0.034375 0.021296296296296296
1 0.6510416666666666 0.017592592592592594 0.0375 0.022222222222222223
1 0.5614583333333333 0.28425925925925927 0.014583333333333334 0.011111111111111112
1 0.6231770833333333 0.04722222222222222 0.0359375 0.022222222222222223
1 0.6583333333333333 0.049074074074074076 0.027083333333333334 0.020370370370370372
1 0.5677083333333334 0.04722222222222222 0.027083333333333334 0.020370370370370372
1 0.5424479166666667 0.04583333333333333 0.018229166666666668 0.021296296296296296
1 0.5609375 0.25972222222222224 0.014583333333333334 0.013888888888888888
1 0.6169270833333333 0.016666666666666666 0.0234375 0.024074074074074074
