0 0.7984375 0.32916666666666666 0.0625 0.03611111111111111
0 0.646875 0.12361111111111112 0.05520833333333333 0.09537037037037037
0 0.9705729166666667 0.2861111111111111 0.015104166666666667 0.03148148148148148
1 0.8005208333333333 0.26944444444444443 0.057291666666666664 0.03148148148148148
1 0.042708333333333334 0.02638888888888889 0.041666666666666664 0.021296296296296296
1 0.7994791666666666 0.3296296296296296 0.03125 0.024074074074074074
1 0.6205729166666667 0.06111111111111111 0.0390625 0.020370370370370372
1 0.6924479166666667 0.24444444444444444 0.018229166666666668 0.011111111111111112
1 0.6911458333333333 0.23333333333333334 0.017708333333333333 0.011111111111111112
1 0.62578125 0.17222222222222222 0.0359375 0.016666666666666666
1 0.6658854166666667 0.23194444444444445 0.0171875 0.010185185185185186
1 0.6434895833333333 0.0625 0.016145833333333335 0.01574074074074074
1 0.6700520833333333 0.15046296296296297 0.0109375 0.019444444444444445
1 0.67109375 0.17314814814814813 0.0140625 0.014814814814814815
