0 0.7559895833333333 0.44814814814814813 0.0765625 0.07407407407407407
0 0.5596354166666667 0.3 0.030729166666666665 0.053703703703703705
0 0.55625 0.34675925925925927 0.03229166666666667 0.05277777777777778
0 0.6286458333333333 0.3351851851851852 0.053125 0.08703703703703704
0 0.7583333333333333 0.3282407407407407 0.109375 0.20092592592592592
0 0.628125 0.39166666666666666 0.036458333333333336 0.027777777777777776
0 0.53984375 0.31712962962962965 0.018229166666666668 0.032407407407407406
0 0.93828125 0.4634259259259259 0.1234375 0.1824074074074074
1 0.6286458333333333 0.3925925925925926 0.030208333333333334 0.020370370370370372
1 0.9309895833333334 0.4601851851851852 0.08177083333333333 0.09074074074074075
1 0.7427083333333333 0.4486111111111111 0.03333333333333333 0.04351851851851852
1 0.76796875 0.45555555555555555 0.021354166666666667 0.03518518518518519
1 0.9786458333333333 0.4777777777777778 0.03333333333333333 0.09074074074074075
