0 0.6684895833333333 0.36018518518518516 0.0796875 0.14814814814814814
0 0.6729166666666667 0.15 0.03333333333333333 0.06111111111111111
0 0.6734375 0.1375 0.059375 0.11018518518518519
1 0.12265625 0.28425925925925927 0.05364583333333333 0.024074074074074074
1 0.6734375 0.10740740740740741 0.030208333333333334 0.020370370370370372
1 0.12161458333333333 0.25277777777777777 0.058854166666666666 0.027777777777777776
1 0.12447916666666667 0.22314814814814815 0.026041666666666668 0.024074074074074074
1 0.6619791666666667 0.08842592592592592 0.03125 0.017592592592592594
1 0.41796875 0.25324074074074077 0.033854166666666664 0.019444444444444445
1 0.6802083333333333 0.20879629629629629 0.026041666666666668 0.01574074074074074
1 0.65859375 0.2050925925925926 0.0234375 0.017592592592592594
1 0.6880208333333333 0.09305555555555556 0.026041666666666668 0.019444444444444445
