0 0.16796875 0.4425925925925926 0.04635416666666667 0.08333333333333333
0 0.16901041666666666 0.5370370370370371 0.04635416666666667 0.08333333333333333
1 0.16875 0.5444444444444444 0.042708333333333334 0.06851851851851852
1 0.165625 0.3199074074074074 0.022916666666666665 0.021296296296296296
1 0.9692708333333333 0.4537037037037037 0.0625 0.046296296296296294
1 0.8716145833333333 0.40046296296296297 0.0234375 0.021296296296296296
1 0.71796875 0.5851851851851851 0.019270833333333334 0.012962962962962963
1 0.9080729166666667 0.39305555555555555 0.0359375 0.025
1 0.1828125 0.5976851851851852 0.036458333333333336 0.019444444444444445
1 0.6997395833333333 0.5875 0.0171875 0.012037037037037037
1 0.1515625 0.6694444444444444 0.028125 0.012962962962962963
1 0.965625 0.3787037037037037 0.035416666666666666 0.027777777777777776
1 0.14869791666666668 0.5972222222222222 0.0296875 0.018518518518518517
1 0.062239583333333334 0.3731481481481482 0.0296875 0.027777777777777776
1 0.19114583333333332 0.6162037037037037 0.016666666666666666 0.01574074074074074
1 0.19114583333333332 0.6685185185185185 0.01875 0.011111111111111112
1 0.15989583333333332 0.6444444444444445 0.022916666666666665 0.024074074074074074
1 0.815625 0.15648148148148147 0.035416666666666666 0.03888888888888889
1 0.9361979166666666 0.3875 0.025520833333333333 0.023148148148148147
1 0.15807291666666667 0.6166666666666667 0.015104166666666667 0.016666666666666666
1 0.14375 0.6166666666666667 0.016666666666666666 0.016666666666666666
1 0.17213541666666668 0.6689814814814815 0.0140625 0.012037037037037037
1 0.19557291666666668 0.6435185185185185 0.0140625 0.024074074074074074
1 0.17916666666666667 0.6444444444444445 0.013541666666666667 0.025925925925925925
1 0.17447916666666666 0.6171296296296296 0.016666666666666666 0.017592592592592594
1 0.7033854166666667 0.3939814814814815 0.028645833333333332 0.025
