0 0.70234375 0.24953703703703703 0.11197916666666667 0.03796296296296296
0 0.7002604166666667 0.058333333333333334 0.11197916666666667 0.040740740740740744
0 0.70078125 0.09722222222222222 0.11197916666666667 0.040740740740740744
0 0.7015625 0.13518518518518519 0.1125 0.03888888888888889
0 0.7015625 0.1736111111111111 0.1125 0.03981481481481482
0 0.7018229166666666 0.21203703703703702 0.11197916666666667 0.03888888888888889
1 0.6854166666666667 0.2037037037037037 0.040625 0.020370370370370372
1 0.6802083333333333 0.12638888888888888 0.03125 0.021296296296296296
1 0.67890625 0.1648148148148148 0.028645833333333332 0.020370370370370372
1 0.6807291666666667 0.18101851851851852 0.03125 0.01574074074074074
1 0.6791666666666667 0.21944444444444444 0.025 0.014814814814814815
1 0.6794270833333333 0.14166666666666666 0.027604166666666666 0.016666666666666666
1 0.6760416666666667 0.25833333333333336 0.01875 0.018518518518518517
1 0.68046875 0.08796296296296297 0.03177083333333333 0.020370370370370372
1 0.6760416666666667 0.06481481481481481 0.025 0.014814814814814815
1 0.7091145833333333 0.24166666666666667 0.0265625 0.018518518518518517
1 0.6736979166666667 0.04953703703703704 0.022395833333333334 0.017592592592592594
1 0.7072916666666667 0.08981481481481482 0.020833333333333332 0.018518518518518517
1 0.6760416666666667 0.24074074074074073 0.017708333333333333 0.014814814814814815
1 0.7239583333333334 0.052314814814814814 0.020833333333333332 0.017592592592592594
1 0.6921875 0.06574074074074074 0.019791666666666666 0.014814814814814815
1 0.7 0.05092592592592592 0.027083333333333334 0.018518518518518517
1 0.6916666666666667 0.24212962962962964 0.011458333333333333 0.01574074074074074
