0 0.8377604166666667 0.30092592592592593 0.050520833333333334 0.09259259259259259
0 0.8416666666666667 0.20833333333333334 0.051041666666666666 0.09444444444444444
1 0.8424479166666666 0.2064814814814815 0.0453125 0.04259259259259259
1 0.9484375 0.25092592592592594 0.041666666666666664 0.03518518518518519
1 0.5697916666666667 0.12638888888888888 0.03125 0.049074074074074076
1 0.946875 0.2833333333333333 0.034375 0.022222222222222223
1 0.47708333333333336 0.21898148148148147 0.01875 0.01574074074074074
1 0.9877604166666667 0.28888888888888886 0.025520833333333333 0.020370370370370372
1 0.9703125 0.2865740740740741 0.015625 0.021296296296296296
1 0.26145833333333335 0.14583333333333334 0.027083333333333334 0.021296296296296296
