0 0.22473958333333333 0.2824074074074074 0.06510416666666667 0.05740740740740741
0 0.2890625 0.3013888888888889 0.07395833333333333 0.15092592592592594
0 0.23020833333333332 0.1398148148148148 0.06666666666666667 0.1259259259259259
0 0.22708333333333333 0.2310185185185185 0.065625 0.062037037037037036
1 0.28984375 0.26481481481481484 0.04010416666666667 0.025925925925925925
1 0.29010416666666666 0.30416666666666664 0.035416666666666666 0.025
1 0.21614583333333334 0.23703703703703705 0.035416666666666666 0.022222222222222223
1 0.22265625 0.21805555555555556 0.034895833333333334 0.023148148148148147
1 0.2799479166666667 0.28379629629629627 0.0359375 0.025
1 0.29192708333333334 0.2449074074074074 0.033854166666666664 0.025
1 0.296875 0.325 0.023958333333333335 0.022222222222222223
1 0.3059895833333333 0.287962962962963 0.024479166666666666 0.022222222222222223
1 0.2760416666666667 0.3199074074074074 0.021875 0.023148148148148147
1 0.24609375 0.2412037037037037 0.0234375 0.025
1 0.2760416666666667 0.34074074074074073 0.014583333333333334 0.018518518518518517
1 0.24401041666666667 0.22268518518518518 0.013020833333333334 0.017592592592592594
