0 0.7799479166666666 0.44027777777777777 0.05364583333333333 0.08981481481481482
0 0.77890625 0.5407407407407407 0.05364583333333333 0.08888888888888889
1 0.7809895833333333 0.3101851851851852 0.0296875 0.024074074074074074
1 0.7783854166666667 0.3523148148148148 0.0296875 0.04722222222222222
1 0.7942708333333334 0.6013888888888889 0.04479166666666667 0.023148148148148147
1 0.446875 0.44212962962962965 0.01875 0.01574074074074074
1 0.7778645833333333 0.7023148148148148 0.018229166666666668 0.013888888888888888
1 0.75625 0.6018518518518519 0.035416666666666666 0.022222222222222223
1 0.7546875 0.6782407407407407 0.023958333333333335 0.017592592592592594
1 0.80390625 0.6777777777777778 0.024479166666666666 0.014814814814814815
1 0.76796875 0.6523148148148148 0.025520833333333333 0.026851851851851852
1 0.7861979166666667 0.8842592592592593 0.0203125 0.014814814814814815
1 0.4473958333333333 0.43148148148148147 0.017708333333333333 0.012962962962962963
1 0.7713541666666667 0.7148148148148148 0.021875 0.009259259259259259
1 0.765625 0.8819444444444444 0.016666666666666666 0.012037037037037037
1 0.7653645833333333 0.6212962962962963 0.016145833333333335 0.016666666666666666
1 0.7473958333333334 0.6217592592592592 0.017708333333333333 0.017592592592592594
1 0.7708333333333334 0.8962962962962963 0.021875 0.011111111111111112
1 0.7859375 0.7157407407407408 0.016666666666666666 0.012962962962962963
1 0.809375 0.6222222222222222 0.014583333333333334 0.018518518518518517
1 0.8078125 0.6518518518518519 0.017708333333333333 0.027777777777777776
1 0.7822916666666667 0.6787037037037037 0.014583333333333334 0.014814814814814815
1 0.79140625 0.6513888888888889 0.015104166666666667 0.028703703703703703
1 0.7955729166666666 0.6222222222222222 0.011979166666666667 0.014814814814814815
1 0.7822916666666667 0.6222222222222222 0.015625 0.016666666666666666
1 0.7671875 0.6782407407407407 0.015625 0.01574074074074074
