0 0.7708333333333334 0.18703703703703703 0.090625 0.1648148148148148
0 0.2296875 0.47453703703703703 0.027083333333333334 0.15833333333333333
0 0.6888020833333334 0.2638888888888889 0.0265625 0.05
0 0.4244791666666667 0.31527777777777777 0.015625 0.028703703703703703
0 0.22890625 0.34629629629629627 0.0546875 0.09814814814814815
0 0.7690104166666667 0.3050925925925926 0.0921875 0.0787037037037037
1 0.7518229166666667 0.2898148148148148 0.033854166666666664 0.02962962962962963
1 0.7486979166666666 0.31712962962962965 0.04114583333333333 0.026851851851851852
1 0.7888020833333333 0.3212962962962963 0.03802083333333333 0.025925925925925925
1 0.7903645833333334 0.2953703703703704 0.025520833333333333 0.024074074074074074
