0 0.7203125 0.40925925925925927 0.08958333333333333 0.08888888888888889
0 0.7276041666666667 0.1388888888888889 0.08958333333333333 0.16111111111111112
0 0.71796875 0.48148148148148145 0.08802083333333334 0.07592592592592592
0 0.7247395833333333 0.29398148148148145 0.08802083333333334 0.15648148148148147
1 0.7278645833333334 0.08703703703703704 0.043229166666666666 0.027777777777777776
1 0.7270833333333333 0.15138888888888888 0.040625 0.06388888888888888
1 0.7119791666666667 0.4675925925925926 0.051041666666666666 0.03148148148148148
1 0.6986979166666667 0.49074074074074076 0.03697916666666667 0.02962962962962963
1 0.7005208333333334 0.5328703703703703 0.042708333333333334 0.026851851851851852
1 0.73515625 0.49583333333333335 0.03802083333333333 0.023148148148148147
1 0.7369791666666666 0.5351851851851852 0.030208333333333334 0.022222222222222223
1 0.7424479166666667 0.47129629629629627 0.015104166666666667 0.020370370370370372
