0 0.83125 0.14583333333333334 0.05625 0.12314814814814815
0 0.62109375 0.26666666666666666 0.028645833333333332 0.05
0 0.6244791666666667 0.21296296296296297 0.03958333333333333 0.06296296296296296
0 0.3341145833333333 0.325 0.016145833333333335 0.02962962962962963
0 0.8276041666666667 0.23194444444444445 0.06041666666666667 0.06018518518518518
0 0.82265625 0.32592592592592595 0.0640625 0.12777777777777777
1 0.6979166666666666 0.35324074074074074 0.06875 0.04722222222222222
1 0.8434895833333333 0.2449074074074074 0.028645833333333332 0.019444444444444445
1 0.8182291666666667 0.22175925925925927 0.022916666666666665 0.019444444444444445
1 0.8421875 0.22546296296296298 0.01875 0.017592592592592594
1 0.83203125 0.1398148148148148 0.050520833333333334 0.06481481481481481
1 0.71953125 0.40925925925925927 0.0421875 0.05185185185185185
