0 0.8697916666666666 0.2 0.10729166666666666 0.046296296296296294
0 0.8703125 0.16296296296296298 0.10833333333333334 0.044444444444444446
0 0.5466145833333333 0.29768518518518516 0.0203125 0.032407407407407406
0 0.86875 0.2375 0.10625 0.04351851851851852
1 0.8591145833333333 0.1699074074074074 0.049479166666666664 0.023148148148148147
1 0.06744791666666666 0.2324074074074074 0.07864583333333333 0.07592592592592592
1 0.85234375 0.15324074074074073 0.033854166666666664 0.021296296296296296
1 0.28177083333333336 0.2587962962962963 0.03229166666666667 0.01574074074074074
1 0.30078125 0.21203703703703702 0.0546875 0.02962962962962963
1 0.24661458333333333 0.21481481481481482 0.05364583333333333 0.022222222222222223
1 0.44895833333333335 0.20092592592592592 0.03854166666666667 0.03518518518518519
1 0.8828125 0.20092592592592592 0.028125 0.024074074074074074
1 0.8440104166666667 0.24259259259259258 0.018229166666666668 0.014814814814814815
1 0.84375 0.2273148148148148 0.019791666666666666 0.019444444444444445
1 0.8643229166666667 0.22962962962962963 0.021354166666666667 0.016666666666666666
1 0.8440104166666667 0.19768518518518519 0.018229166666666668 0.021296296296296296
1 0.8604166666666667 0.19907407407407407 0.014583333333333334 0.022222222222222223
