0 0.8403645833333333 0.22083333333333333 0.04114583333333333 0.08981481481481482
0 0.8416666666666667 0.28425925925925927 0.040625 0.03888888888888889
0 0.6072916666666667 0.32685185185185184 0.026041666666666668 0.04259259259259259
0 0.8359375 0.13055555555555556 0.040625 0.08703703703703704
1 0.6174479166666667 0.27546296296296297 0.024479166666666666 0.017592592592592594
1 0.61875 0.262037037037037 0.028125 0.016666666666666666
1 0.6489583333333333 0.2513888888888889 0.03125 0.017592592592592594
1 0.26145833333333335 0.46296296296296297 0.014583333333333334 0.011111111111111112
1 0.61796875 0.25046296296296294 0.028645833333333332 0.01574074074074074
1 0.6171875 0.2949074074074074 0.021875 0.01574074074074074
