0 0.7255208333333333 0.15787037037037038 0.07916666666666666 0.14722222222222223
0 0.6247395833333333 0.2550925925925926 0.034895833333333334 0.06388888888888888
0 0.7260416666666667 0.26851851851851855 0.08125 0.06666666666666667
0 0.56484375 0.2125 0.03177083333333333 0.049074074074074076
1 0.6239583333333333 0.23472222222222222 0.017708333333333333 0.013888888888888888
1 0.7447916666666666 0.2796296296296296 0.035416666666666666 0.018518518518518517
1 0.7106770833333333 0.2574074074074074 0.028645833333333332 0.020370370370370372
1 0.7065104166666667 0.28055555555555556 0.030729166666666665 0.020370370370370372
1 0.7440104166666667 0.2574074074074074 0.022395833333333334 0.018518518518518517
1 0.7260416666666667 0.15092592592592594 0.059375 0.06481481481481481
