0 0.7984375 0.24675925925925926 0.052083333333333336 0.10648148148148148
0 0.5575520833333333 0.28425925925925927 0.0140625 0.025925925925925925
0 0.4270833333333333 0.22592592592592592 0.023958333333333335 0.024074074074074074
0 0.4552083333333333 0.2263888888888889 0.022916666666666665 0.023148148148148147
1 0.9247395833333333 0.3578703703703704 0.1453125 0.1287037037037037
1 0.8567708333333334 0.5351851851851852 0.06770833333333333 0.06481481481481481
1 0.06848958333333334 0.29259259259259257 0.043229166666666666 0.020370370370370372
1 0.9630208333333333 0.6046296296296296 0.08854166666666667 0.09814814814814815
1 0.8497395833333333 0.41805555555555557 0.050520833333333334 0.04351851851851852
1 0.88671875 0.4310185185185185 0.028645833333333332 0.03796296296296296
1 0.8606770833333334 0.45231481481481484 0.06510416666666667 0.05462962962962963
1 0.09036458333333333 0.30787037037037035 0.0328125 0.017592592592592594
1 0.96171875 0.4962962962962963 0.0828125 0.06666666666666667
1 0.9609375 0.46064814814814814 0.08020833333333334 0.05462962962962963
1 0.8486979166666667 0.48194444444444445 0.04010416666666667 0.04351851851851852
1 0.06145833333333333 0.3087962962962963 0.029166666666666667 0.01574074074074074
1 0.8809895833333333 0.4986111111111111 0.0328125 0.041666666666666664
1 0.03463541666666667 0.31203703703703706 0.0171875 0.014814814814814815
1 0.6859375 0.2300925925925926 0.015625 0.019444444444444445
