0 0.8018229166666667 0.1763888888888889 0.0703125 0.14537037037037037
0 0.9140625 0.23935185185185184 0.10625 0.2175925925925926
0 0.6067708333333334 0.22314814814814815 0.022916666666666665 0.040740740740740744
0 0.60703125 0.25925925925925924 0.0234375 0.02962962962962963
1 0.92421875 0.15555555555555556 0.0609375 0.03333333333333333
1 0.9200520833333333 0.21064814814814814 0.0546875 0.028703703703703703
1 0.890625 0.31805555555555554 0.041666666666666664 0.028703703703703703
1 0.9130208333333333 0.2791666666666667 0.041666666666666664 0.026851851851851852
1 0.9122395833333333 0.18194444444444444 0.0390625 0.030555555555555555
1 0.9385416666666667 0.25277777777777777 0.041666666666666664 0.027777777777777776
1 0.9096354166666667 0.25046296296296294 0.034895833333333334 0.028703703703703703
