0 0.34609375 0.05462962962962963 0.08697916666666666 0.08148148148148149
0 0.6125 0.07824074074074074 0.07291666666666667 0.06759259259259259
0 0.5236979166666667 0.18611111111111112 0.0234375 0.03888888888888889
0 0.19557291666666668 0.3939814814814815 0.015104166666666667 0.028703703703703703
0 0.7536458333333333 0.20462962962962963 0.021875 0.03333333333333333
0 0.4557291666666667 0.059722222222222225 0.10520833333333333 0.07685185185185185
1 0.6046875 0.07824074074074074 0.042708333333333334 0.023148148148148147
1 0.35442708333333334 0.0412037037037037 0.05572916666666667 0.026851851851851852
1 0.5986979166666667 0.2111111111111111 0.0234375 0.016666666666666666
1 0.035416666666666666 0.274537037037037 0.03229166666666667 0.028703703703703703
1 0.34791666666666665 0.06666666666666667 0.04375 0.027777777777777776
1 0.5973958333333333 0.1986111111111111 0.022916666666666665 0.01574074074074074
1 0.44947916666666665 0.07083333333333333 0.042708333333333334 0.021296296296296296
1 0.6005208333333333 0.23287037037037037 0.019791666666666666 0.019444444444444445
1 0.48333333333333334 0.04537037037037037 0.036458333333333336 0.020370370370370372
1 0.44427083333333334 0.046296296296296294 0.034375 0.020370370370370372
1 0.8984375 0.22916666666666666 0.020833333333333332 0.017592592592592594
