0 0.7736979166666667 0.1175925925925926 0.11302083333333333 0.18888888888888888
0 0.7729166666666667 0.37453703703703706 0.07708333333333334 0.06388888888888888
0 0.7739583333333333 0.2759259259259259 0.07708333333333334 0.14074074074074075
1 0.7765625 0.2773148148148148 0.046875 0.09166666666666666
1 0.76796875 0.3787037037037037 0.030729166666666665 0.03518518518518519
1 0.33098958333333334 0.17777777777777778 0.03697916666666667 0.022222222222222223
1 0.37057291666666664 0.2490740740740741 0.033854166666666664 0.022222222222222223
1 0.3690104166666667 0.18425925925925926 0.028645833333333332 0.018518518518518517
1 0.31354166666666666 0.23935185185185184 0.028125 0.01574074074074074
1 0.3377604166666667 0.2449074074074074 0.0203125 0.019444444444444445
