0 0.8505208333333333 0.3587962962962963 0.04791666666666667 0.09537037037037037
0 0.08151041666666667 0.5393518518518519 0.03697916666666667 0.06944444444444445
0 0.08567708333333333 0.6351851851851852 0.03802083333333333 0.11296296296296296
1 0.031510416666666666 0.17453703703703705 0.027604166666666666 0.025
1 0.20989583333333334 0.2212962962962963 0.017708333333333333 0.020370370370370372
1 0.6744791666666666 0.30694444444444446 0.028125 0.012037037037037037
1 0.03958333333333333 0.22685185185185186 0.025 0.014814814814814815
1 0.20911458333333333 0.23935185185185184 0.0171875 0.01574074074074074
1 0.04583333333333333 0.24583333333333332 0.030208333333333334 0.019444444444444445
1 0.7041666666666667 0.30648148148148147 0.025 0.012962962962962963
1 0.70390625 0.2967592592592593 0.0265625 0.012037037037037037
1 0.2765625 0.24814814814814815 0.035416666666666666 0.02962962962962963
1 0.03359375 0.20185185185185187 0.0328125 0.016666666666666666
1 0.6677083333333333 0.2953703703703704 0.017708333333333333 0.011111111111111112
1 0.6763020833333333 0.31712962962962965 0.025520833333333333 0.012037037037037037
1 0.6807291666666667 0.2935185185185185 0.016666666666666666 0.011111111111111112
