0 0.8380208333333333 0.22407407407407406 0.21458333333333332 0.34629629629629627
0 0.65 0.2638888888888889 0.026041666666666668 0.046296296296296294
0 0.8911458333333333 0.2828703703703704 0.020833333333333332 0.03611111111111111
1 0.8744791666666667 0.08333333333333333 0.058333333333333334 0.02962962962962963
1 0.8723958333333334 0.1388888888888889 0.05520833333333333 0.02962962962962963
1 0.75703125 0.2462962962962963 0.0296875 0.025925925925925925
1 0.809375 0.2796296296296296 0.052083333333333336 0.027777777777777776
1 0.7643229166666666 0.22037037037037038 0.04739583333333333 0.03518518518518519
1 0.9002604166666667 0.11435185185185186 0.0453125 0.028703703703703703
1 0.8682291666666667 0.1685185185185185 0.052083333333333336 0.03148148148148148
1 0.7614583333333333 0.2740740740740741 0.03958333333333333 0.027777777777777776
1 0.8614583333333333 0.11157407407407408 0.035416666666666666 0.026851851851851852
1 0.9088541666666666 0.17222222222222222 0.028125 0.02962962962962963
1 0.7981770833333334 0.22314814814814815 0.030729166666666665 0.027777777777777776
