0 0.7661458333333333 0.11898148148148148 0.10833333333333334 0.20462962962962963
0 0.8440104166666667 0.28055555555555556 0.022395833333333334 0.05740740740740741
1 0.6294270833333333 0.21481481481481482 0.044270833333333336 0.014814814814814815
1 0.7927083333333333 0.2361111111111111 0.04895833333333333 0.03518518518518519
1 0.12526041666666668 0.12824074074074074 0.03802083333333333 0.025
1 0.5463541666666667 0.10787037037037037 0.027083333333333334 0.012037037037037037
1 0.5453125 0.09398148148148149 0.020833333333333332 0.012037037037037037
1 0.13463541666666667 0.17685185185185184 0.019270833333333334 0.016666666666666666
1 0.12708333333333333 0.3388888888888889 0.019791666666666666 0.012962962962962963
1 0.13385416666666666 0.15555555555555556 0.020833333333333332 0.018518518518518517
1 0.14036458333333332 0.19583333333333333 0.015104166666666667 0.01574074074074074
1 0.12109375 0.2 0.022395833333333334 0.016666666666666666
1 0.5450520833333333 0.0763888888888889 0.019270833333333334 0.010185185185185186
1 0.11666666666666667 0.18055555555555555 0.016666666666666666 0.016666666666666666
1 0.11588541666666667 0.16018518518518518 0.016145833333333335 0.016666666666666666
1 0.14401041666666667 0.33611111111111114 0.015104166666666667 0.012962962962962963
