0 0.6916666666666667 0.1925925925925926 0.22395833333333334 0.3111111111111111
1 0.7268229166666667 0.12962962962962962 0.0390625 0.027777777777777776
1 0.7393229166666667 0.21342592592592594 0.0609375 0.028703703703703703
1 0.6630208333333333 0.075 0.071875 0.03518518518518519
1 0.7359375 0.18611111111111112 0.057291666666666664 0.02962962962962963
1 0.7341145833333333 0.1587962962962963 0.049479166666666664 0.028703703703703703
1 0.6223958333333334 0.21666666666666667 0.04895833333333333 0.027777777777777776
1 0.75078125 0.2574074074074074 0.019270833333333334 0.018518518518518517
1 0.67890625 0.31805555555555554 0.0234375 0.019444444444444445
1 0.7192708333333333 0.07546296296296297 0.03854166666666667 0.023148148148148147
1 0.7736979166666667 0.16064814814814815 0.028645833333333332 0.023148148148148147
1 0.6315104166666666 0.1925925925925926 0.027604166666666666 0.020370370370370372
1 0.6080729166666666 0.19212962962962962 0.0203125 0.021296296296296296
1 0.6958333333333333 0.3189814814814815 0.011458333333333333 0.017592592592592594
