0 0.7760416666666666 0.3074074074074074 0.06458333333333334 0.17962962962962964
0 0.6033854166666667 0.29305555555555557 0.015104166666666667 0.030555555555555555
1 0.6075520833333333 0.10324074074074074 0.0390625 0.01574074074074074
1 0.6005208333333333 0.16712962962962963 0.022916666666666665 0.012037037037037037
1 0.6161458333333333 0.1310185185185185 0.020833333333333332 0.013888888888888888
1 0.61640625 0.15 0.0203125 0.012962962962962963
1 0.5971354166666667 0.13148148148148148 0.016145833333333335 0.012962962962962963
1 0.5963541666666666 0.14953703703703702 0.016666666666666666 0.012037037037037037
1 0.62109375 0.1675925925925926 0.0140625 0.012962962962962963
1 0.6197916666666666 0.29212962962962963 0.014583333333333334 0.012037037037037037
