0 0.765625 0.45601851851851855 0.14895833333333333 0.11944444444444445
0 0.7979166666666667 0.33935185185185185 0.18125 0.19537037037037036
0 0.7291666666666666 0.17407407407407408 0.0875 0.14629629629629629
1 0.7924479166666667 0.33194444444444443 0.07447916666666667 0.049074074074074076
1 0.7734375 0.28425925925925927 0.041666666666666664 0.05185185185185185
1 0.753125 0.3888888888888889 0.07291666666666667 0.05
1 0.815625 0.3925925925925926 0.05 0.040740740740740744
1 0.8130208333333333 0.44074074074074077 0.040625 0.027777777777777776
1 0.7619791666666667 0.4398148148148148 0.05 0.03148148148148148
1 0.7255208333333333 0.44074074074074077 0.03958333333333333 0.03888888888888889
1 0.26484375 0.16944444444444445 0.044270833333333336 0.018518518518518517
