0 0.055989583333333336 0.47175925925925927 0.0296875 0.049074074074074076
0 0.8427083333333333 0.3800925925925926 0.084375 0.03796296296296296
0 0.7200520833333334 0.31851851851851853 0.025520833333333333 0.06851851851851852
1 0.8450520833333334 0.3787037037037037 0.04739583333333333 0.022222222222222223
1 0.159375 0.18564814814814815 0.03229166666666667 0.017592592592592594
1 0.16015625 0.2050925925925926 0.03177083333333333 0.017592592592592594
1 0.15807291666666667 0.1675925925925926 0.030729166666666665 0.018518518518518517
1 0.1609375 0.25972222222222224 0.034375 0.017592592592592594
1 0.15546875 0.14814814814814814 0.024479166666666666 0.018518518518518517
1 0.16848958333333333 0.13425925925925927 0.0140625 0.016666666666666666
1 0.16041666666666668 0.2212962962962963 0.029166666666666667 0.016666666666666666
