0 0.7200520833333334 0.4041666666666667 0.07552083333333333 0.14537037037037037
0 0.7231770833333333 0.21944444444444444 0.07447916666666667 0.22407407407407406
0 0.71484375 0.5351851851851852 0.1234375 0.1259259259259259
1 0.7184895833333333 0.49212962962962964 0.05677083333333333 0.025
1 0.7171875 0.5106481481481482 0.052083333333333336 0.021296296296296296
1 0.7158854166666667 0.538425925925926 0.04010416666666667 0.017592592592592594
1 0.7427083333333333 0.5694444444444444 0.04479166666666667 0.022222222222222223
1 0.6859375 0.5643518518518519 0.04583333333333333 0.023148148148148147
1 0.7153645833333333 0.5541666666666667 0.024479166666666666 0.01574074074074074
1 0.71328125 0.5819444444444445 0.0203125 0.01574074074074074
1 0.7184895833333333 0.5254629629629629 0.0421875 0.017592592592592594
1 0.7138020833333333 0.5666666666666667 0.015104166666666667 0.016666666666666666
1 0.7234375 0.4074074074074074 0.065625 0.04814814814814815
