0 0.40078125 0.07731481481481481 0.07552083333333333 0.14351851851851852
0 0.3958333333333333 0.36574074074074076 0.016666666666666666 0.03148148148148148
1 0.40677083333333336 0.10555555555555556 0.046875 0.022222222222222223
1 0.39609375 0.05324074074074074 0.027604166666666666 0.017592592592592594
1 0.3921875 0.07083333333333333 0.020833333333333332 0.017592592592592594
1 0.41640625 0.08425925925925926 0.0203125 0.018518518518518517
1 0.41822916666666665 0.12222222222222222 0.025 0.016666666666666666
1 0.39296875 0.0875 0.0234375 0.017592592592592594
1 0.3924479166666667 0.12453703703703704 0.0203125 0.01574074074074074
1 0.41432291666666665 0.03009259259259259 0.013020833333333334 0.017592592592592594
1 0.3997395833333333 0.03333333333333333 0.016145833333333335 0.014814814814814815
1 0.38385416666666666 0.25416666666666665 0.013541666666666667 0.010185185185185186
1 0.38723958333333336 0.034722222222222224 0.008854166666666666 0.01574074074074074
