0 0.8190104166666666 0.22685185185185186 0.050520833333333334 0.09444444444444444
0 0.7197916666666667 0.29444444444444445 0.017708333333333333 0.02962962962962963
0 0.7033854166666667 0.32546296296296295 0.016145833333333335 0.028703703703703703
0 0.7065104166666667 0.29814814814814816 0.011979166666666667 0.024074074074074074
0 0.7192708333333333 0.32037037037037036 0.0125 0.022222222222222223
0 0.5375 0.2814814814814815 0.008333333333333333 0.018518518518518517
1 0.87890625 0.26666666666666666 0.024479166666666666 0.024074074074074074
1 0.93203125 0.4125 0.016145833333333335 0.017592592592592594
1 0.8770833333333333 0.39305555555555555 0.022916666666666665 0.019444444444444445
1 0.9325520833333333 0.3976851851851852 0.016145833333333335 0.017592592592592594
1 0.94765625 0.3990740740740741 0.0140625 0.018518518518518517
