0 0.7411458333333333 0.31203703703703706 0.11145833333333334 0.18888888888888888
0 0.65859375 0.37546296296296294 0.11302083333333333 0.05277777777777778
0 0.6627604166666666 0.2601851851851852 0.11302083333333333 0.05185185185185185
0 0.6638020833333333 0.22175925925925927 0.1140625 0.05092592592592592
0 0.6651041666666667 0.18425925925925926 0.11458333333333333 0.05
0 0.6666666666666666 0.1449074074074074 0.11458333333333333 0.05092592592592592
0 0.6604166666666667 0.33564814814814814 0.1125 0.05092592592592592
0 0.6614583333333334 0.29814814814814816 0.1125 0.05
1 0.6408854166666667 0.36527777777777776 0.034895833333333334 0.023148148148148147
1 0.6739583333333333 0.18287037037037038 0.04375 0.025
1 0.6791666666666667 0.2222222222222222 0.03958333333333333 0.020370370370370372
1 0.6424479166666667 0.33287037037037037 0.0390625 0.026851851851851852
1 0.64296875 0.2564814814814815 0.034895833333333334 0.025925925925925925
1 0.6786458333333333 0.33796296296296297 0.034375 0.022222222222222223
1 0.6395833333333333 0.2884259259259259 0.03125 0.023148148148148147
1 0.6734375 0.1375 0.03125 0.019444444444444445
1 0.6424479166666667 0.21851851851851853 0.030729166666666665 0.022222222222222223
1 0.66953125 0.1527777777777778 0.0265625 0.018518518518518517
1 0.6421875 0.15 0.025 0.018518518518518517
1 0.6432291666666666 0.1337962962962963 0.026041666666666668 0.019444444444444445
1 0.6348958333333333 0.3023148148148148 0.020833333333333332 0.01574074074074074
1 0.6690104166666667 0.38287037037037036 0.021354166666666667 0.019444444444444445
1 0.64140625 0.17916666666666667 0.0234375 0.021296296296296296
1 0.6700520833333333 0.25972222222222224 0.019270833333333334 0.019444444444444445
1 0.65625 0.3050925925925926 0.019791666666666666 0.01574074074074074
1 0.6653645833333334 0.29074074074074074 0.018229166666666668 0.018518518518518517
1 0.6494791666666667 0.38101851851851853 0.01875 0.01574074074074074
1 0.63203125 0.37916666666666665 0.018229166666666668 0.01574074074074074
