0 0.8388020833333333 0.3421296296296296 0.03802083333333333 0.07685185185185185
0 0.8419270833333333 0.26342592592592595 0.03802083333333333 0.08055555555555556
0 0.45677083333333335 0.14583333333333334 0.04791666666666667 0.08055555555555556
0 0.03567708333333333 0.2773148148148148 0.04010416666666667 0.0787037037037037
0 0.03697916666666667 0.19768518518518519 0.040625 0.0787037037037037
0 0.56328125 0.1537037037037037 0.050520833333333334 0.08518518518518518
0 0.5817708333333333 0.23703703703703705 0.020833333333333332 0.03888888888888889
0 0.5083333333333333 0.15092592592592594 0.052083333333333336 0.08333333333333333
1 0.83828125 0.3439814814814815 0.0359375 0.06018518518518518
1 0.036458333333333336 0.19814814814814816 0.029166666666666667 0.046296296296296294
1 0.24947916666666667 0.16527777777777777 0.028125 0.012037037037037037
1 0.5065104166666666 0.12314814814814815 0.0328125 0.012962962962962963
1 0.03567708333333333 0.2791666666666667 0.03802083333333333 0.06018518518518518
1 0.55390625 0.1837962962962963 0.0234375 0.01574074074074074
1 0.5015625 0.15601851851851853 0.026041666666666668 0.01574074074074074
1 0.84453125 0.2675925925925926 0.0296875 0.05
1 0.5036458333333333 0.1337962962962963 0.029166666666666667 0.013888888888888888
1 0.5033854166666667 0.1449074074074074 0.024479166666666666 0.013888888888888888
1 0.5088541666666667 0.1787037037037037 0.020833333333333332 0.012962962962962963
1 0.46067708333333335 0.14583333333333334 0.027604166666666666 0.019444444444444445
