0 0.7635416666666667 0.6180555555555556 0.06354166666666666 0.13796296296296295
0 0.69609375 0.25324074074074077 0.0515625 0.09907407407407408
1 0.8182291666666667 0.26064814814814813 0.05625 0.025
1 0.37890625 0.32407407407407407 0.0390625 0.018518518518518517
1 0.8005208333333333 0.30277777777777776 0.03333333333333333 0.018518518518518517
1 0.8036458333333333 0.28194444444444444 0.035416666666666666 0.017592592592592594
1 0.390625 0.3453703703703704 0.027083333333333334 0.016666666666666666
1 0.8020833333333334 0.32037037037037036 0.03333333333333333 0.020370370370370372
1 0.8078125 0.33935185185185185 0.03333333333333333 0.01574074074074074
1 0.40546875 0.34305555555555556 0.015104166666666667 0.017592592592592594
