0 0.8208333333333333 0.24351851851851852 0.051041666666666666 0.1259259259259259
0 0.5458333333333333 0.26342592592592595 0.01875 0.04351851851851852
0 0.8213541666666667 0.11712962962962963 0.051041666666666666 0.12314814814814815
1 0.9424479166666667 0.12824074074074074 0.058854166666666666 0.026851851851851852
1 0.9419270833333333 0.08518518518518518 0.0609375 0.022222222222222223
1 0.9401041666666666 0.03796296296296296 0.05 0.022222222222222223
1 0.9442708333333333 0.015277777777777777 0.053125 0.019444444444444445
1 0.9424479166666667 0.14814814814814814 0.044270833333333336 0.020370370370370372
1 0.82109375 0.25277777777777777 0.03802083333333333 0.07037037037037037
1 0.2830729166666667 0.30277777777777776 0.03177083333333333 0.014814814814814815
1 0.9442708333333333 0.10555555555555556 0.052083333333333336 0.022222222222222223
1 0.6239583333333333 0.06388888888888888 0.034375 0.012962962962962963
1 0.26276041666666666 0.33055555555555555 0.019270833333333334 0.011111111111111112
1 0.9276041666666667 0.17175925925925925 0.04479166666666667 0.025
1 0.9419270833333333 0.06018518518518518 0.044270833333333336 0.024074074074074074
1 0.6239583333333333 0.053703703703703705 0.034375 0.011111111111111112
1 0.26197916666666665 0.3199074074074074 0.01875 0.012037037037037037
1 0.82109375 0.1087962962962963 0.044270833333333336 0.06018518518518518
1 0.24713541666666666 0.3199074074074074 0.011979166666666667 0.013888888888888888
1 0.9591145833333333 0.17407407407407408 0.03177083333333333 0.027777777777777776
