0 0.29140625 0.1050925925925926 0.06614583333333333 0.12685185185185185
0 0.3640625 0.10185185185185185 0.08020833333333334 0.12962962962962962
0 0.4479166666666667 0.1087962962962963 0.08645833333333333 0.08981481481481482
0 0.5684895833333333 0.2462962962962963 0.04010416666666667 0.06481481481481481
1 0.36328125 0.12037037037037036 0.043229166666666666 0.020370370370370372
1 0.528125 0.3138888888888889 0.030208333333333334 0.012962962962962963
1 0.4505208333333333 0.10601851851851851 0.03958333333333333 0.013888888888888888
1 0.4544270833333333 0.08935185185185185 0.03697916666666667 0.017592592592592594
1 0.3611979166666667 0.1 0.03697916666666667 0.020370370370370372
1 0.2830729166666667 0.10787037037037037 0.0328125 0.021296296296296296
1 0.35911458333333335 0.07916666666666666 0.033854166666666664 0.021296296296296296
1 0.3541666666666667 0.058333333333333334 0.025 0.020370370370370372
1 0.27786458333333336 0.06481481481481481 0.030729166666666665 0.016666666666666666
1 0.4518229166666667 0.11944444444444445 0.0234375 0.012962962962962963
1 0.2903645833333333 0.08981481481481482 0.0203125 0.014814814814814815
1 0.415625 0.07777777777777778 0.016666666666666666 0.016666666666666666
1 0.38958333333333334 0.07824074074074074 0.01875 0.01574074074074074
1 0.42109375 0.09259259259259259 0.021354166666666667 0.016666666666666666
1 0.27265625 0.09027777777777778 0.0140625 0.01574074074074074
1 0.30755208333333334 0.06342592592592593 0.0203125 0.01574074074074074
