0 0.7763020833333333 0.2972222222222222 0.2015625 0.31851851851851853
1 0.74609375 0.2671296296296296 0.059895833333333336 0.03611111111111111
1 0.7963541666666667 0.18055555555555555 0.052083333333333336 0.03333333333333333
1 0.7427083333333333 0.32407407407407407 0.059375 0.037037037037037035
1 0.8325520833333333 0.337037037037037 0.05260416666666667 0.03333333333333333
1 0.7361979166666667 0.2949074074074074 0.04635416666666667 0.03425925925925926
1 0.8270833333333333 0.30694444444444446 0.046875 0.03425925925925926
1 0.78203125 0.4212962962962963 0.025520833333333333 0.024074074074074074
1 0.5544270833333333 0.3074074074074074 0.030729166666666665 0.020370370370370372
1 0.80078125 0.425462962962963 0.0140625 0.021296296296296296
1 0.79453125 0.29305555555555557 0.0234375 0.058333333333333334
