0 0.221875 0.10833333333333334 0.09270833333333334 0.1574074074074074
1 0.22369791666666666 0.1087962962962963 0.04739583333333333 0.021296296296296296
1 0.08671875 0.2611111111111111 0.04010416666666667 0.012962962962962963
1 0.22005208333333334 0.13842592592592592 0.04010416666666667 0.021296296296296296
1 0.21223958333333334 0.0837962962962963 0.025520833333333333 0.019444444444444445
1 0.09635416666666667 0.30972222222222223 0.027083333333333334 0.028703703703703703
1 0.7080729166666667 0.17314814814814813 0.0296875 0.018518518518518517
1 0.221875 0.05694444444444444 0.020833333333333332 0.017592592592592594
1 0.2421875 0.05694444444444444 0.015625 0.019444444444444445
1 0.246875 0.15555555555555556 0.013541666666666667 0.014814814814814815
