0 0.35963541666666665 0.05787037037037037 0.08385416666666666 0.075
0 0.6098958333333333 0.2064814814814815 0.022916666666666665 0.03888888888888889
0 0.45755208333333336 0.062037037037037036 0.0859375 0.07777777777777778
1 0.3653645833333333 0.05555555555555555 0.0578125 0.024074074074074074
1 0.46510416666666665 0.044444444444444446 0.06041666666666667 0.024074074074074074
1 0.9739583333333334 0.19814814814814816 0.053125 0.07777777777777778
1 0.9815104166666667 0.12777777777777777 0.044270833333333336 0.06111111111111111
1 0.45078125 0.07777777777777778 0.0609375 0.025925925925925925
1 0.721875 0.2865740740740741 0.025 0.019444444444444445
1 0.6783854166666666 0.3194444444444444 0.025520833333333333 0.014814814814814815
1 0.9822916666666667 0.08101851851851852 0.040625 0.049074074074074076
1 0.11822916666666666 0.29074074074074074 0.019791666666666666 0.012962962962962963
1 0.97890625 0.2657407407407407 0.024479166666666666 0.024074074074074074
