0 0.7942708333333334 0.15416666666666667 0.13125 0.2712962962962963
0 0.7979166666666667 0.23055555555555557 0.016666666666666666 0.03333333333333333
0 0.7979166666666667 0.26157407407407407 0.017708333333333333 0.028703703703703703
1 0.7734375 0.19907407407407407 0.059375 0.03148148148148148
1 0.8145833333333333 0.04814814814814815 0.04583333333333333 0.02962962962962963
1 0.76328125 0.16435185185185186 0.0421875 0.030555555555555555
1 0.7994791666666666 0.07685185185185185 0.04895833333333333 0.02962962962962963
1 0.8145833333333333 0.11064814814814815 0.0375 0.03425925925925926
1 0.45677083333333335 0.10648148148148148 0.0625 0.03148148148148148
1 0.83984375 0.07916666666666666 0.033854166666666664 0.030555555555555555
