0 0.7526041666666666 0.06388888888888888 0.09375 0.10185185185185185
0 0.45598958333333334 0.12083333333333333 0.058854166666666666 0.049074074074074076
0 0.9291666666666667 0.20092592592592592 0.036458333333333336 0.05555555555555555
0 0.5861979166666667 0.2273148148148148 0.0203125 0.03425925925925926
0 0.5322916666666667 0.11666666666666667 0.042708333333333334 0.046296296296296294
1 0.7651041666666667 0.06342592592592593 0.03229166666666667 0.028703703703703703
1 0.4666666666666667 0.11296296296296296 0.028125 0.016666666666666666
1 0.7361979166666667 0.050462962962962966 0.028645833333333332 0.025
1 0.7359375 0.09259259259259259 0.026041666666666668 0.024074074074074074
1 0.4666666666666667 0.12638888888888888 0.026041666666666668 0.017592592592592594
1 0.7346354166666667 0.07083333333333333 0.0234375 0.023148148148148147
1 0.53671875 0.10787037037037037 0.025520833333333333 0.017592592592592594
1 0.5309895833333333 0.12361111111111112 0.0171875 0.017592592592592594
