0 0.8205729166666667 0.20185185185185187 0.24010416666666667 0.3888888888888889
0 0.8356770833333333 0.1736111111111111 0.022395833333333334 0.041666666666666664
1 0.771875 0.06574074074074074 0.06354166666666666 0.04259259259259259
1 0.77109375 0.13148148148148148 0.06197916666666667 0.04259259259259259
1 0.8770833333333333 0.2375 0.046875 0.03796296296296296
1 0.7635416666666667 0.16574074074074074 0.053125 0.040740740740740744
1 0.7981770833333334 0.10601851851851851 0.049479166666666664 0.03796296296296296
1 0.87265625 0.27175925925925926 0.04114583333333333 0.03611111111111111
1 0.8229166666666666 0.35555555555555557 0.019791666666666666 0.020370370370370372
1 0.8104166666666667 0.17592592592592593 0.029166666666666667 0.037037037037037035
1 0.7580729166666667 0.09722222222222222 0.0390625 0.03518518518518519
1 0.909375 0.27824074074074073 0.030208333333333334 0.030555555555555555
