0 0.446875 0.07037037037037037 0.08020833333333334 0.11296296296296296
0 0.33255208333333336 0.07777777777777778 0.07239583333333334 0.11481481481481481
0 0.25885416666666666 0.08472222222222223 0.07083333333333333 0.11574074074074074
0 0.5609375 0.1962962962962963 0.029166666666666667 0.05555555555555555
1 0.33255208333333336 0.08333333333333333 0.0328125 0.016666666666666666
1 0.32864583333333336 0.11805555555555555 0.025 0.013888888888888888
1 0.2559895833333333 0.1087962962962963 0.027604166666666666 0.019444444444444445
1 0.44583333333333336 0.038425925925925926 0.021875 0.013888888888888888
1 0.32473958333333336 0.06666666666666667 0.019270833333333334 0.014814814814814815
1 0.44557291666666665 0.05416666666666667 0.027604166666666666 0.017592592592592594
1 0.2552083333333333 0.07777777777777778 0.022916666666666665 0.014814814814814815
1 0.2703125 0.09074074074074075 0.022916666666666665 0.014814814814814815
1 0.3263020833333333 0.10601851851851851 0.021354166666666667 0.01574074074074074
1 0.32473958333333336 0.05462962962962963 0.018229166666666668 0.012962962962962963
1 0.25078125 0.09305555555555556 0.0171875 0.01574074074074074
1 0.2596354166666667 0.05787037037037037 0.0140625 0.013888888888888888
1 0.27447916666666666 0.1050925925925926 0.01875 0.017592592592592594
1 0.27239583333333334 0.056018518518518516 0.0125 0.01574074074074074
1 0.24635416666666668 0.059722222222222225 0.010416666666666666 0.01574074074074074
