0 0.8622395833333333 0.10740740740740741 0.0921875 0.18703703703703703
0 0.565625 0.19583333333333333 0.07083333333333333 0.1287037037037037
0 0.64609375 0.10787037037037037 0.0546875 0.09722222222222222
1 0.07369791666666667 0.36666666666666664 0.05572916666666667 0.05555555555555555
1 0.8458333333333333 0.13194444444444445 0.04791666666666667 0.030555555555555555
1 0.8424479166666666 0.07685185185185185 0.0390625 0.025925925925925925
1 0.5666666666666667 0.2013888888888889 0.020833333333333332 0.01574074074074074
1 0.8364583333333333 0.09953703703703703 0.028125 0.025
1 0.5690104166666666 0.2462962962962963 0.0265625 0.014814814814814815
1 0.5674479166666667 0.2300925925925926 0.024479166666666666 0.01574074074074074
1 0.5776041666666667 0.14907407407407408 0.027083333333333334 0.016666666666666666
1 0.8427083333333333 0.1648148148148148 0.035416666666666666 0.025925925925925925
1 0.84609375 0.04722222222222222 0.0234375 0.024074074074074074
1 0.5643229166666667 0.1787037037037037 0.0171875 0.014814814814814815
1 0.5661458333333333 0.16574074074074074 0.017708333333333333 0.014814814814814815
1 0.584375 0.18009259259259258 0.017708333333333333 0.012037037037037037
1 0.11770833333333333 0.4115740740740741 0.01875 0.019444444444444445
1 0.8653645833333333 0.050462962962962966 0.0171875 0.026851851851851852
