0 0.8296875 0.22314814814814815 0.26979166666666665 0.35555555555555557
1 0.74140625 0.25092592592592594 0.07239583333333334 0.03888888888888889
1 0.9239583333333333 0.22361111111111112 0.06458333333333334 0.03981481481481482
1 0.8932291666666666 0.37222222222222223 0.053125 0.037037037037037035
1 0.7268229166666667 0.2101851851851852 0.04739583333333333 0.03888888888888889
1 0.9203125 0.2986111111111111 0.05625 0.03425925925925926
1 0.9052083333333333 0.2657407407407407 0.030208333333333334 0.027777777777777776
1 0.73125 0.2916666666666667 0.05416666666666667 0.03333333333333333
1 0.73203125 0.33287037037037037 0.05677083333333333 0.03425925925925926
1 0.9166666666666666 0.3351851851851852 0.034375 0.027777777777777776
1 0.8265625 0.36574074074074076 0.025 0.024074074074074074
1 0.8802083333333334 0.3314814814814815 0.028125 0.03333333333333333
1 0.565625 0.2986111111111111 0.021875 0.010185185185185186
1 0.8450520833333334 0.36666666666666664 0.0140625 0.025925925925925925
