0 0.7940104166666667 0.4393518518518518 0.0640625 0.1287037037037037
0 0.7950520833333333 0.30787037037037035 0.0703125 0.1287037037037037
0 0.6369791666666667 0.2638888888888889 0.134375 0.15925925925925927
1 0.7958333333333333 0.4393518518518518 0.053125 0.08981481481481482
1 0.6677083333333333 0.3282407407407407 0.027083333333333334 0.017592592592592594
1 0.5927083333333333 0.2759259259259259 0.026041666666666668 0.016666666666666666
1 0.5880208333333333 0.31296296296296294 0.026041666666666668 0.016666666666666666
1 0.6825520833333333 0.2587962962962963 0.0328125 0.017592592592592594
1 0.5875 0.2949074074074074 0.026041666666666668 0.01574074074074074
1 0.5859375 0.25787037037037036 0.023958333333333335 0.021296296296296296
1 0.6815104166666667 0.2935185185185185 0.028645833333333332 0.016666666666666666
1 0.6786458333333333 0.3101851851851852 0.019791666666666666 0.016666666666666666
1 0.7953125 0.30185185185185187 0.05520833333333333 0.08333333333333333
1 0.6744791666666666 0.27685185185185185 0.017708333333333333 0.014814814814814815
1 0.6622395833333333 0.3087962962962963 0.016145833333333335 0.01574074074074074
1 0.6330729166666667 0.32592592592592595 0.0140625 0.012962962962962963
1 0.6088541666666667 0.31157407407407406 0.011458333333333333 0.019444444444444445
