0 0.7645833333333333 0.2023148148148148 0.21041666666666667 0.3175925925925926
1 0.8322916666666667 0.23796296296296296 0.05520833333333333 0.02962962962962963
1 0.69453125 0.12777777777777777 0.0453125 0.02962962962962963
1 0.3846354166666667 0.18888888888888888 0.03177083333333333 0.020370370370370372
1 0.6958333333333333 0.1648148148148148 0.04791666666666667 0.027777777777777776
1 0.7440104166666667 0.08148148148148149 0.049479166666666664 0.025925925925925925
1 0.81015625 0.08518518518518518 0.03802083333333333 0.027777777777777776
1 0.7557291666666667 0.33055555555555555 0.021875 0.022222222222222223
1 0.7807291666666667 0.08518518518518518 0.01875 0.025925925925925925
1 0.7294270833333333 0.16620370370370371 0.021354166666666667 0.03611111111111111
1 0.7700520833333333 0.33240740740740743 0.015104166666666667 0.018518518518518517
1 0.2869791666666667 0.30787037037037035 0.030208333333333334 0.012037037037037037
