0 0.69140625 0.5125 0.05364583333333333 0.0787037037037037
0 0.6940104166666666 0.22546296296296298 0.14114583333333333 0.2324074074074074
0 0.69453125 0.3731481481481482 0.09739583333333333 0.07407407407407407
1 0.6921875 0.48333333333333334 0.030208333333333334 0.016666666666666666
1 0.6994791666666667 0.5342592592592592 0.03125 0.027777777777777776
1 0.70546875 0.5018518518518519 0.024479166666666666 0.016666666666666666
1 0.6791666666666667 0.5013888888888889 0.021875 0.017592592592592594
1 0.7096354166666666 0.38055555555555554 0.027604166666666666 0.03888888888888889
1 0.6755208333333333 0.37916666666666665 0.04583333333333333 0.04722222222222222
1 0.6736979166666667 0.5351851851851852 0.013020833333333334 0.024074074074074074
