0 0.80078125 0.2152777777777778 0.15260416666666668 0.2490740740740741
0 0.5453125 0.2564814814814815 0.01875 0.03148148148148148
0 0.5080729166666667 0.2611111111111111 0.021354166666666667 0.040740740740740744
1 0.85078125 0.23425925925925925 0.03177083333333333 0.022222222222222223
1 0.8138020833333334 0.1375 0.033854166666666664 0.021296296296296296
1 0.8125 0.1175925925925926 0.028125 0.018518518518518517
1 0.7604166666666666 0.18935185185185185 0.026041666666666668 0.021296296296296296
1 0.8471354166666667 0.2523148148148148 0.0234375 0.023148148148148147
1 0.17447916666666666 0.26805555555555555 0.025 0.012037037037037037
1 0.78671875 0.20972222222222223 0.028645833333333332 0.021296296296296296
1 0.7588541666666667 0.20833333333333334 0.022916666666666665 0.020370370370370372
1 0.7606770833333333 0.1685185185185185 0.0203125 0.018518518518518517
1 0.84453125 0.21481481481481482 0.016145833333333335 0.016666666666666666
1 0.7479166666666667 0.16805555555555557 0.01875 0.01574074074074074
1 0.17552083333333332 0.3212962962962963 0.022916666666666665 0.012962962962962963
