0 0.88984375 0.5217592592592593 0.2015625 0.1638888888888889
0 0.65234375 0.47453703703703703 0.15260416666666668 0.13796296296296295
0 0.7802083333333333 0.3384259259259259 0.21041666666666667 0.0787037037037037
0 0.7463541666666667 0.275 0.20416666666666666 0.06851851851851852
0 0.7778645833333333 0.40324074074074073 0.2109375 0.08796296296296297
1 0.7354166666666667 0.26805555555555555 0.08645833333333333 0.05092592592592592
1 0.7260416666666667 0.33101851851851855 0.06354166666666666 0.05092592592592592
1 0.71328125 0.3912037037037037 0.043229166666666666 0.04722222222222222
1 0.7716145833333333 0.33287037037037037 0.0453125 0.04537037037037037
1 0.7973958333333333 0.27037037037037037 0.03229166666666667 0.044444444444444446
1 0.81796875 0.33796296296296297 0.0296875 0.044444444444444446
1 0.75234375 0.39537037037037037 0.028645833333333332 0.04814814814814815
