0 0.81953125 0.18472222222222223 0.04739583333333333 0.09166666666666666
1 0.9682291666666667 0.1935185185185185 0.0625 0.03333333333333333
1 0.9588541666666667 0.22037037037037038 0.046875 0.024074074074074074
1 0.9661458333333334 0.25 0.030208333333333334 0.020370370370370372
1 0.9505208333333334 0.16064814814814815 0.030208333333333334 0.028703703703703703
1 0.7825520833333334 0.19305555555555556 0.0359375 0.025
1 0.7947916666666667 0.22037037037037038 0.025 0.018518518518518517
1 0.7734375 0.21898148148148147 0.013541666666666667 0.013888888888888888
1 0.9763020833333333 0.16296296296296298 0.0234375 0.025925925925925925
1 0.9890625 0.2212962962962963 0.020833333333333332 0.016666666666666666
