0 0.8192708333333333 0.23333333333333334 0.13541666666666666 0.19074074074074074
0 0.66328125 0.25925925925925924 0.043229166666666666 0.07592592592592592
0 0.8065104166666667 0.2796296296296296 0.024479166666666666 0.03888888888888889
0 0.5809895833333333 0.29907407407407405 0.0265625 0.06851851851851852
1 0.7911458333333333 0.1638888888888889 0.053125 0.024074074074074074
1 0.8455729166666667 0.21666666666666667 0.049479166666666664 0.025925925925925925
1 0.8364583333333333 0.2439814814814815 0.036458333333333336 0.026851851851851852
1 0.5690104166666666 0.15138888888888888 0.028645833333333332 0.012037037037037037
1 0.01328125 0.4273148148148148 0.024479166666666666 0.021296296296296296
1 0.5638020833333334 0.2 0.018229166666666668 0.011111111111111112
1 0.57421875 0.18703703703703703 0.016145833333333335 0.011111111111111112
1 0.575 0.17314814814814813 0.015625 0.011111111111111112
1 0.5604166666666667 0.17314814814814813 0.0125 0.011111111111111112
1 0.5609375 0.1875 0.014583333333333334 0.010185185185185186
1 0.7911458333333333 0.24351851851851852 0.01875 0.09814814814814815
1 0.578125 0.2 0.011458333333333333 0.011111111111111112
