0 0.06067708333333333 0.3875 0.0203125 0.01574074074074074
0 0.059375 0.35648148148148145 0.021875 0.044444444444444446
1 0.025260416666666667 0.4583333333333333 0.03177083333333333 0.016666666666666666
1 0.7192708333333333 0.2375 0.034375 0.021296296296296296
1 0.72109375 0.2101851851851852 0.0328125 0.016666666666666666
1 0.7255208333333333 0.2523148148148148 0.030208333333333334 0.01574074074074074
1 0.7299479166666667 0.32083333333333336 0.021354166666666667 0.01574074074074074
1 0.7299479166666667 0.1875 0.024479166666666666 0.019444444444444445
1 0.7229166666666667 0.26666666666666666 0.020833333333333332 0.014814814814814815
1 0.71875 0.14814814814814814 0.016666666666666666 0.025925925925925925
