0 0.8486979166666667 0.2439814814814815 0.0390625 0.08055555555555556
0 0.225 0.28564814814814815 0.01875 0.03796296296296296
0 0.759375 0.3958333333333333 0.01875 0.03425925925925926
0 0.76015625 0.24953703703703703 0.030729166666666665 0.09537037037037037
1 0.8510416666666667 0.24444444444444444 0.03333333333333333 0.07222222222222222
1 0.9200520833333333 0.24351851851851852 0.018229166666666668 0.014814814814814815
1 0.6708333333333333 0.25555555555555554 0.016666666666666666 0.012962962962962963
1 0.6466145833333333 0.24583333333333332 0.016145833333333335 0.010185185185185186
1 0.6479166666666667 0.2564814814814815 0.015625 0.011111111111111112
1 0.6361979166666667 0.25555555555555554 0.009895833333333333 0.011111111111111112
