0 0.796875 0.25972222222222224 0.125 0.262037037037037
1 0.81484375 0.20092592592592592 0.058854166666666666 0.03518518518518519
1 0.8143229166666667 0.16527777777777777 0.0484375 0.03425925925925926
1 0.7755208333333333 0.2949074074074074 0.057291666666666664 0.03796296296296296
1 0.06015625 0.2810185185185185 0.044270833333333336 0.05462962962962963
1 0.06588541666666667 0.3861111111111111 0.04010416666666667 0.03888888888888889
1 0.03046875 0.2337962962962963 0.028645833333333332 0.025
1 0.029947916666666668 0.2175925925925926 0.024479166666666666 0.018518518518518517
1 0.016145833333333335 0.3976851851851852 0.01875 0.03796296296296296
1 0.03567708333333333 0.39490740740740743 0.0203125 0.03425925925925926
