0 0.7588541666666667 0.28564814814814815 0.071875 0.13425925925925927
0 0.5510416666666667 0.32407407407407407 0.053125 0.027777777777777776
0 0.7572916666666667 0.38564814814814813 0.07395833333333333 0.07314814814814814
0 0.008854166666666666 0.44583333333333336 0.016666666666666666 0.04351851851851852
1 0.7505208333333333 0.37222222222222223 0.041666666666666664 0.025925925925925925
1 0.5453125 0.32314814814814813 0.028125 0.018518518518518517
1 0.7432291666666667 0.39814814814814814 0.029166666666666667 0.024074074074074074
1 0.7721354166666666 0.40046296296296297 0.025520833333333333 0.025
1 0.5651041666666666 0.32546296296296295 0.011458333333333333 0.012037037037037037
1 0.77890625 0.37546296296296294 0.013020833333333334 0.021296296296296296
