0 0.7598958333333333 0.15648148148148147 0.07708333333333334 0.14629629629629629
0 0.7708333333333334 0.3476851851851852 0.015625 0.030555555555555555
1 0.9010416666666666 0.18796296296296297 0.08125 0.044444444444444446
1 0.77734375 0.2912037037037037 0.030729166666666665 0.017592592592592594
1 0.7614583333333333 0.15092592592592594 0.06354166666666666 0.10185185185185185
1 0.7747395833333334 0.24166666666666667 0.024479166666666666 0.018518518518518517
1 0.8768229166666667 0.23194444444444445 0.028645833333333332 0.021296296296296296
1 0.9231770833333334 0.2162037037037037 0.027604166666666666 0.019444444444444445
1 0.8953125 0.21342592592592594 0.030208333333333334 0.019444444444444445
1 0.8549479166666667 0.20972222222222223 0.034895833333333334 0.019444444444444445
1 0.9106770833333333 0.2337962962962963 0.019270833333333334 0.019444444444444445
1 0.17161458333333332 0.21203703703703702 0.028645833333333332 0.03333333333333333
1 0.8768229166666667 0.21203703703703702 0.013020833333333334 0.016666666666666666
