0 0.8059895833333334 0.22083333333333333 0.0640625 0.13240740740740742
0 0.8044270833333333 0.08703703703703704 0.0640625 0.12962962962962962
1 0.8067708333333333 0.22870370370370371 0.042708333333333334 0.07592592592592592
1 0.07265625 0.274537037037037 0.04010416666666667 0.021296296296296296
1 0.74453125 0.2212962962962963 0.024479166666666666 0.014814814814814815
1 0.10677083333333333 0.2439814814814815 0.05416666666666667 0.019444444444444445
1 0.33567708333333335 0.29768518518518516 0.0296875 0.017592592592592594
1 0.71484375 0.2953703703703704 0.034895833333333334 0.018518518518518517
1 0.7744791666666667 0.29583333333333334 0.030208333333333334 0.017592592592592594
1 0.7528645833333333 0.2962962962962963 0.016145833333333335 0.016666666666666666
1 0.7393229166666667 0.29583333333333334 0.0140625 0.01574074074074074
