0 0.16276041666666666 0.1935185185185185 0.0421875 0.08148148148148149
0 0.16223958333333333 0.27685185185185185 0.04114583333333333 0.07962962962962963
0 0.66484375 0.24351851851851852 0.021354166666666667 0.037037037037037035
0 0.6447916666666667 0.16111111111111112 0.052083333333333336 0.08703703703703704
0 0.5903645833333333 0.15416666666666667 0.05260416666666667 0.08611111111111111
0 0.5377604166666666 0.15 0.049479166666666664 0.08518518518518518
0 0.12838541666666667 0.4652777777777778 0.024479166666666666 0.04722222222222222
0 0.9869791666666666 0.2791666666666667 0.026041666666666668 0.0787037037037037
0 0.9841145833333333 0.35833333333333334 0.03177083333333333 0.07962962962962963
0 0.1296875 0.5263888888888889 0.025 0.06759259259259259
1 0.16458333333333333 0.1925925925925926 0.03229166666666667 0.04814814814814815
1 0.15833333333333333 0.2810185185185185 0.041666666666666664 0.062037037037037036
1 0.31744791666666666 0.1699074074074074 0.028645833333333332 0.013888888888888888
1 0.9859375 0.3597222222222222 0.03125 0.05277777777777778
1 0.640625 0.13148148148148148 0.030208333333333334 0.012962962962962963
1 0.540625 0.15 0.022916666666666665 0.016666666666666666
1 0.5864583333333333 0.12685185185185185 0.03125 0.012962962962962963
1 0.5846354166666666 0.13842592592592592 0.027604166666666666 0.012037037037037037
1 0.63671875 0.14212962962962963 0.024479166666666666 0.013888888888888888
1 0.63515625 0.1648148148148148 0.022395833333333334 0.016666666666666666
