0 0.7234375 0.18101851851851852 0.09375 0.24537037037037038
0 0.7190104166666667 0.33101851851851855 0.0890625 0.0824074074074074
0 0.715625 0.4064814814814815 0.08958333333333333 0.09259259259259259
1 0.7236979166666667 0.23935185185185184 0.0671875 0.03611111111111111
1 0.7197916666666667 0.2689814814814815 0.04583333333333333 0.030555555555555555
1 0.12916666666666668 0.22453703703703703 0.03854166666666667 0.05462962962962963
1 0.71171875 0.41898148148148145 0.022395833333333334 0.021296296296296296
1 0.73828125 0.3972222222222222 0.0328125 0.022222222222222223
1 0.7010416666666667 0.3365740740740741 0.042708333333333334 0.04351851851851852
1 0.7328125 0.33935185185185185 0.027083333333333334 0.03981481481481482
1 0.684375 0.38796296296296295 0.017708333333333333 0.024074074074074074
1 0.7067708333333333 0.3921296296296296 0.028125 0.023148148148148147
