0 0.72421875 0.3541666666666667 0.19114583333333332 0.287962962962963
1 0.9018229166666667 0.20092592592592592 0.13802083333333334 0.07037037037037037
1 0.6723958333333333 0.2972222222222222 0.053125 0.04259259259259259
1 0.77265625 0.3055555555555556 0.0703125 0.044444444444444446
1 0.77265625 0.26666666666666666 0.07135416666666666 0.040740740740740744
1 0.96171875 0.3125 0.07135416666666666 0.030555555555555555
1 0.9057291666666667 0.2712962962962963 0.05416666666666667 0.02962962962962963
1 0.9799479166666667 0.27175925925925926 0.03697916666666667 0.041666666666666664
1 0.8416666666666667 0.2657407407407407 0.053125 0.037037037037037035
1 0.9447916666666667 0.27175925925925926 0.03854166666666667 0.03796296296296296
