0 0.7700520833333333 0.3282407407407407 0.0734375 0.19722222222222222
0 0.7669270833333334 0.5226851851851851 0.06822916666666666 0.16018518518518518
0 0.5770833333333333 0.3351851851851852 0.013541666666666667 0.020370370370370372
1 0.7671875 0.5879629629629629 0.0625 0.018518518518518517
1 0.7669270833333334 0.5236111111111111 0.025520833333333333 0.01574074074074074
1 0.7697916666666667 0.45740740740740743 0.023958333333333335 0.016666666666666666
1 0.7651041666666667 0.5699074074074074 0.027083333333333334 0.017592592592592594
1 0.78125 0.5018518518518519 0.019791666666666666 0.022222222222222223
1 0.7786458333333334 0.4777777777777778 0.025 0.022222222222222223
1 0.7596354166666667 0.5023148148148148 0.025520833333333333 0.023148148148148147
1 0.7783854166666667 0.5425925925925926 0.021354166666666667 0.018518518518518517
1 0.7625 0.47685185185185186 0.021875 0.020370370370370372
1 0.7598958333333333 0.5425925925925926 0.017708333333333333 0.016666666666666666
