0 0.7434895833333334 0.15462962962962962 0.09114583333333333 0.23703703703703705
0 0.7466145833333333 0.30648148148148147 0.08489583333333334 0.07037037037037037
0 0.74609375 0.38101851851851853 0.08385416666666666 0.08611111111111111
1 0.74765625 0.21296296296296297 0.0640625 0.027777777777777776
1 0.7453125 0.24305555555555555 0.042708333333333334 0.028703703703703703
1 0.7296875 0.3148148148148148 0.03854166666666667 0.03518518518518519
1 0.7671875 0.36712962962962964 0.029166666666666667 0.01574074074074074
1 0.7388020833333333 0.3680555555555556 0.0265625 0.021296296296296296
1 0.7619791666666667 0.31157407407407406 0.029166666666666667 0.03981481481481482
1 0.7184895833333333 0.36712962962962964 0.0171875 0.021296296296296296
