0 0.5013020833333334 0.08981481481481482 0.1703125 0.14814814814814814
0 0.6864583333333333 0.09537037037037037 0.10520833333333333 0.15
1 0.67578125 0.055092592592592596 0.0640625 0.030555555555555555
1 0.6716145833333333 0.0824074074074074 0.05677083333333333 0.02962962962962963
1 0.48411458333333335 0.1037037037037037 0.0765625 0.02962962962962963
1 0.4786458333333333 0.0763888888888889 0.065625 0.025
1 0.6658854166666667 0.13842592592592592 0.0453125 0.028703703703703703
1 0.6643229166666667 0.10972222222222222 0.044270833333333336 0.026851851851851852
1 0.46640625 0.1361111111111111 0.0359375 0.025925925925925925
1 0.49166666666666664 0.044444444444444446 0.020833333333333332 0.020370370370370372
