0 0.3606770833333333 0.06342592592592593 0.08489583333333334 0.08796296296296297
0 0.6315104166666666 0.21712962962962962 0.024479166666666666 0.04351851851851852
0 0.553125 0.07222222222222222 0.07395833333333333 0.09444444444444444
0 0.45598958333333334 0.06759259259259259 0.0734375 0.09259259259259259
1 0.5591145833333333 0.04537037037037037 0.044270833333333336 0.024074074074074074
1 0.5403645833333334 0.09675925925925925 0.0359375 0.021296296296296296
1 0.5369791666666667 0.07546296296296297 0.028125 0.019444444444444445
1 0.46171875 0.06666666666666667 0.0421875 0.022222222222222223
1 0.6294270833333333 0.05185185185185185 0.027604166666666666 0.024074074074074074
1 0.3572916666666667 0.06481481481481481 0.030208333333333334 0.016666666666666666
1 0.3828125 0.06435185185185185 0.01875 0.013888888888888888
