0 0.7807291666666667 0.26296296296296295 0.159375 0.07962962962962963
0 0.7825520833333334 0.2023148148148148 0.15989583333333332 0.0824074074074074
0 0.7755208333333333 0.3888888888888889 0.159375 0.08888888888888889
0 0.7783854166666667 0.3212962962962963 0.15989583333333332 0.07962962962962963
0 0.5494791666666666 0.18009259259259258 0.036458333333333336 0.06388888888888888
0 0.6588541666666666 0.31203703703703706 0.022916666666666665 0.040740740740740744
1 0.7786458333333334 0.25972222222222224 0.078125 0.04722222222222222
1 0.784375 0.2023148148148148 0.08645833333333333 0.049074074074074076
1 0.7322916666666667 0.3106481481481482 0.04895833333333333 0.03981481481481482
1 0.7739583333333333 0.38796296296296295 0.075 0.046296296296296294
1 0.834375 0.26990740740740743 0.03333333333333333 0.032407407407407406
1 0.8265625 0.39444444444444443 0.026041666666666668 0.03148148148148148
1 0.19296875 0.19490740740740742 0.0640625 0.04351851851851852
1 0.59140625 0.15416666666666667 0.06302083333333333 0.03981481481481482
