0 0.725 0.18101851851851852 0.209375 0.3472222222222222
0 0.7716145833333333 0.2050925925925926 0.022395833333333334 0.041666666666666664
1 0.7833333333333333 0.08194444444444444 0.04791666666666667 0.032407407407407406
1 0.7916666666666666 0.04398148148148148 0.036458333333333336 0.032407407407407406
1 0.7013020833333333 0.18564814814814815 0.0578125 0.030555555555555555
1 0.6901041666666666 0.22592592592592592 0.05416666666666667 0.027777777777777776
1 0.6549479166666666 0.14907407407407408 0.04635416666666667 0.03333333333333333
1 0.6971354166666667 0.14907407407407408 0.0359375 0.02962962962962963
1 0.6497395833333334 0.18425925925925926 0.03697916666666667 0.027777777777777776
1 0.6466145833333333 0.225 0.0296875 0.02962962962962963
