0 0.6911458333333333 0.050462962962962966 0.07916666666666666 0.08425925925925926
0 0.3723958333333333 0.1 0.07708333333333334 0.06666666666666667
0 0.5052083333333334 0.2111111111111111 0.020833333333333332 0.037037037037037035
0 0.32265625 0.2949074074074074 0.015104166666666667 0.026851851851851852
0 0.4518229166666667 0.09722222222222222 0.05677083333333333 0.06296296296296296
0 0.8486979166666667 0.18796296296296297 0.03697916666666667 0.053703703703703705
1 0.68828125 0.06342592592592593 0.04114583333333333 0.026851851851851852
1 0.6872395833333333 0.0412037037037037 0.0359375 0.026851851851851852
1 0.37109375 0.11712962962962963 0.0203125 0.017592592592592594
1 0.4552083333333333 0.0912037037037037 0.03333333333333333 0.01574074074074074
1 0.45 0.10787037037037037 0.026041666666666668 0.017592592592592594
1 0.37265625 0.08842592592592592 0.0203125 0.01574074074074074
1 0.37109375 0.10138888888888889 0.019270833333333334 0.01574074074074074
1 0.028125 0.4842592592592593 0.025 0.022222222222222223
1 0.85859375 0.31805555555555554 0.013020833333333334 0.10277777777777777
1 0.02265625 0.8333333333333334 0.019270833333333334 0.011111111111111112
1 0.39427083333333335 0.10092592592592593 0.021875 0.016666666666666666
