0 0.44505208333333335 0.049074074074074076 0.07447916666666667 0.07777777777777778
0 0.2721354166666667 0.31296296296296294 0.0171875 0.03333333333333333
0 0.3380208333333333 0.05555555555555555 0.103125 0.08518518518518518
0 0.5177083333333333 0.19953703703703704 0.029166666666666667 0.05092592592592592
1 0.45 0.04027777777777778 0.04791666666666667 0.026851851851851852
1 0.4434895833333333 0.06296296296296296 0.0359375 0.020370370370370372
1 0.3372395833333333 0.07453703703703704 0.0265625 0.021296296296296296
1 0.36744791666666665 0.05324074074074074 0.03177083333333333 0.023148148148148147
1 0.33828125 0.03518518518518519 0.025520833333333333 0.018518518518518517
1 0.3375 0.05462962962962963 0.026041666666666668 0.020370370370370372
