0 0.7921875 0.2986111111111111 0.01875 0.03425925925925926
0 0.41822916666666665 0.2847222222222222 0.019791666666666666 0.03425925925925926
0 0.60390625 0.29259259259259257 0.0203125 0.037037037037037035
0 0.24583333333333332 0.2828703703703704 0.017708333333333333 0.030555555555555555
1 0.7046875 0.07546296296296297 0.029166666666666667 0.017592592592592594
1 0.49140625 0.0587962962962963 0.03177083333333333 0.017592592592592594
1 0.4984375 0.03194444444444444 0.023958333333333335 0.013888888888888888
1 0.7104166666666667 0.04953703703703704 0.023958333333333335 0.017592592592592594
1 0.6934895833333333 0.04722222222222222 0.011979166666666667 0.014814814814814815
1 0.47994791666666664 0.031018518518518518 0.0109375 0.013888888888888888
