0 0.8578125 0.30277777777777776 0.146875 0.17592592592592593
0 0.5393229166666667 0.2013888888888889 0.0234375 0.041666666666666664
0 0.8614583333333333 0.16435185185185186 0.146875 0.1398148148148148
1 0.85625 0.2587962962962963 0.07395833333333333 0.04351851851851852
1 0.8604166666666667 0.18981481481481483 0.071875 0.04814814814814815
1 0.8510416666666667 0.2935185185185185 0.06875 0.03888888888888889
1 0.86328125 0.1361111111111111 0.07239583333333334 0.04259259259259259
1 0.05677083333333333 0.0875 0.046875 0.0712962962962963
1 0.84609375 0.3375 0.0859375 0.041666666666666664
1 0.5640625 0.26990740740740743 0.036458333333333336 0.013888888888888888
1 0.9658854166666667 0.3189814814814815 0.030729166666666665 0.030555555555555555
1 0.94609375 0.3388888888888889 0.04010416666666667 0.022222222222222223
1 0.06145833333333333 0.1398148148148148 0.030208333333333334 0.018518518518518517
1 0.9419270833333333 0.31203703703703706 0.030729166666666665 0.025925925925925925
