0 0.8778645833333333 0.34444444444444444 0.0453125 0.053703703703703705
0 0.8778645833333333 0.25462962962962965 0.0453125 0.12037037037037036
0 0.38776041666666666 0.15092592592592594 0.03697916666666667 0.04259259259259259
0 0.46015625 0.14907407407407408 0.03697916666666667 0.04259259259259259
0 0.5932291666666667 0.15416666666666667 0.035416666666666666 0.049074074074074076
1 0.5893229166666667 0.1439814814814815 0.022395833333333334 0.010185185185185186
1 0.39036458333333335 0.15231481481481482 0.0234375 0.012037037037037037
1 0.4635416666666667 0.15046296296296297 0.023958333333333335 0.013888888888888888
1 0.39010416666666664 0.16157407407407406 0.022916666666666665 0.012037037037037037
1 0.38776041666666666 0.14212962962962963 0.018229166666666668 0.013888888888888888
1 0.4630208333333333 0.15925925925925927 0.023958333333333335 0.012962962962962963
1 0.5875 0.1550925925925926 0.017708333333333333 0.010185185185185186
1 0.5911458333333334 0.16527777777777777 0.013541666666666667 0.012037037037037037
