0 0.7192708333333333 0.225 0.18333333333333332 0.08888888888888889
0 0.7166666666666667 0.11203703703703703 0.18854166666666666 0.15
0 0.7203125 0.3314814814814815 0.184375 0.13148148148148148
0 0.5526041666666667 0.287962962962963 0.013541666666666667 0.03333333333333333
1 0.72421875 0.0837962962962963 0.09322916666666667 0.049074074074074076
1 0.7231770833333333 0.1398148148148148 0.08072916666666667 0.03518518518518519
1 0.7067708333333333 0.3486111111111111 0.057291666666666664 0.04722222222222222
1 0.7169270833333333 0.30694444444444446 0.0796875 0.04537037037037037
1 0.91171875 0.2759259259259259 0.03802083333333333 0.037037037037037035
1 0.875 0.2953703703703704 0.0375 0.03518518518518519
1 0.8971354166666666 0.30277777777777776 0.022395833333333334 0.022222222222222223
1 0.8424479166666666 0.2847222222222222 0.027604166666666666 0.032407407407407406
1 0.8903645833333333 0.32314814814814813 0.019270833333333334 0.016666666666666666
1 0.8776041666666666 0.3138888888888889 0.014583333333333334 0.018518518518518517
