0 0.45234375 0.0712962962962963 0.06822916666666666 0.12777777777777777
0 0.5096354166666667 0.19398148148148148 0.021354166666666667 0.03611111111111111
0 0.34088541666666666 0.07777777777777778 0.0671875 0.12777777777777777
1 0.35130208333333335 0.04583333333333333 0.034895833333333334 0.01574074074074074
1 0.35104166666666664 0.0763888888888889 0.036458333333333336 0.01574074074074074
1 0.45234375 0.12129629629629629 0.0328125 0.012962962962962963
1 0.44166666666666665 0.05092592592592592 0.028125 0.014814814814814815
1 0.3453125 0.0962962962962963 0.022916666666666665 0.012962962962962963
1 0.43645833333333334 0.0962962962962963 0.026041666666666668 0.016666666666666666
1 0.3453125 0.062037037037037036 0.028125 0.014814814814814815
1 0.4328125 0.07731481481481481 0.017708333333333333 0.012037037037037037
1 0.42864583333333334 0.12222222222222222 0.011458333333333333 0.012962962962962963
