0 0.5984375 0.08935185185185185 0.057291666666666664 0.16018518518518518
0 0.37838541666666664 0.3365740740740741 0.016145833333333335 0.05462962962962963
0 0.5229166666666667 0.09398148148148149 0.05520833333333333 0.15833333333333333
0 0.3776041666666667 0.2865740740740741 0.023958333333333335 0.041666666666666664
1 0.6020833333333333 0.08703703703703704 0.03854166666666667 0.016666666666666666
1 0.5200520833333333 0.03287037037037037 0.03177083333333333 0.01574074074074074
1 0.5171875 0.09351851851851851 0.030208333333333334 0.018518518518518517
1 0.5125 0.049074074074074076 0.01875 0.014814814814814815
1 0.6013020833333333 0.07175925925925926 0.033854166666666664 0.01574074074074074
1 0.5106770833333333 0.11574074074074074 0.0171875 0.016666666666666666
1 0.5138020833333333 0.0699074074074074 0.024479166666666666 0.017592592592592594
