0 0.7794270833333333 0.26296296296296295 0.17864583333333334 0.2777777777777778
0 0.5205729166666667 0.31203703703703706 0.011979166666666667 0.020370370370370372
0 0.7057291666666666 0.3990740740740741 0.084375 0.046296296296296294
1 0.7302083333333333 0.24722222222222223 0.05416666666666667 0.040740740740740744
1 0.8377604166666667 0.3189814814814815 0.033854166666666664 0.03611111111111111
1 0.83671875 0.17731481481481481 0.050520833333333334 0.03796296296296296
1 0.7005208333333334 0.4013888888888889 0.035416666666666666 0.028703703703703703
1 0.8359375 0.25787037037037036 0.053125 0.03611111111111111
1 0.7799479166666666 0.37222222222222223 0.022395833333333334 0.018518518518518517
1 0.78984375 0.16666666666666666 0.04739583333333333 0.03333333333333333
1 0.8380208333333333 0.35185185185185186 0.034375 0.03148148148148148
1 0.8083333333333333 0.3486111111111111 0.029166666666666667 0.03425925925925926
