0 0.7658854166666667 0.225 0.21927083333333333 0.35185185185185186
1 0.8223958333333333 0.22361111111111112 0.075 0.03611111111111111
1 0.71953125 0.09074074074074075 0.06302083333333333 0.03148148148148148
1 0.69375 0.2064814814814815 0.05416666666666667 0.03148148148148148
1 0.8171875 0.19398148148148148 0.06354166666666666 0.03611111111111111
1 0.7033854166666667 0.23287037037037037 0.0296875 0.021296296296296296
1 0.8416666666666667 0.16157407407407406 0.04583333333333333 0.030555555555555555
1 0.8044270833333333 0.15833333333333333 0.03802083333333333 0.03148148148148148
1 0.7330729166666666 0.3592592592592593 0.0234375 0.022222222222222223
1 0.14791666666666667 0.09907407407407408 0.026041666666666668 0.020370370370370372
1 0.7494791666666667 0.362962962962963 0.013541666666666667 0.020370370370370372
1 0.6796875 0.2351851851851852 0.0375 0.03148148148148148
