0 0.5317708333333333 0.08472222222222223 0.057291666666666664 0.06018518518518518
0 0.2911458333333333 0.2740740740740741 0.022916666666666665 0.053703703703703705
0 0.43671875 0.10046296296296296 0.06510416666666667 0.0712962962962963
0 0.34661458333333334 0.10462962962962963 0.06302083333333333 0.07222222222222222
1 0.5236979166666667 0.06759259259259259 0.0328125 0.014814814814814815
1 0.3533854166666667 0.10277777777777777 0.03177083333333333 0.016666666666666666
1 0.5911458333333334 0.16296296296296298 0.026041666666666668 0.012962962962962963
1 0.34817708333333336 0.08657407407407407 0.022395833333333334 0.017592592592592594
1 0.44296875 0.09814814814814815 0.030729166666666665 0.014814814814814815
1 0.5268229166666667 0.09768518518518518 0.021354166666666667 0.01574074074074074
1 0.44869791666666664 0.11527777777777778 0.018229166666666668 0.01574074074074074
1 0.5182291666666666 0.08333333333333333 0.019791666666666666 0.012962962962962963
1 0.43671875 0.08287037037037037 0.0203125 0.01574074074074074
1 0.35833333333333334 0.11990740740740741 0.01875 0.013888888888888888
1 0.34322916666666664 0.12083333333333333 0.014583333333333334 0.01574074074074074
1 0.43333333333333335 0.11527777777777778 0.011458333333333333 0.01574074074074074
