0 0.12760416666666666 0.4050925925925926 0.0125 0.025
0 0.6479166666666667 0.31203703703703706 0.04583333333333333 0.037037037037037035
0 0.17552083333333332 0.31157407407407406 0.04375 0.06759259259259259
0 0.7908854166666667 0.3912037037037037 0.1203125 0.05277777777777778
0 0.7908854166666667 0.33935185185185185 0.1203125 0.05462962962962963
0 0.12604166666666666 0.36712962962962964 0.011458333333333333 0.021296296296296296
0 0.12682291666666667 0.38564814814814813 0.011979166666666667 0.012037037037037037
1 0.80859375 0.38935185185185184 0.07447916666666667 0.03796296296296296
1 0.8044270833333333 0.337037037037037 0.06510416666666667 0.037037037037037035
1 0.6479166666666667 0.31157407407407406 0.03958333333333333 0.026851851851851852
