0 0.7580729166666667 0.20046296296296295 0.24114583333333334 0.32685185185185184
0 0.5567708333333333 0.28379629629629627 0.0375 0.058333333333333334
0 0.51015625 0.2953703703703704 0.008854166666666666 0.024074074074074074
0 0.3966145833333333 0.3277777777777778 0.0036458333333333334 0.016666666666666666
0 0.3966145833333333 0.3111111111111111 0.0067708333333333336 0.011111111111111112
1 0.69921875 0.13518518518518519 0.0734375 0.03888888888888889
1 0.7677083333333333 0.07314814814814814 0.08229166666666667 0.03888888888888889
1 0.10911458333333333 0.2657407407407407 0.0734375 0.018518518518518517
1 0.6791666666666667 0.17592592592592593 0.05520833333333333 0.037037037037037035
1 0.8388020833333333 0.1824074074074074 0.0578125 0.044444444444444446
1 0.58828125 0.25787037037037036 0.0296875 0.012037037037037037
1 0.053385416666666664 0.2657407407407407 0.04010416666666667 0.022222222222222223
1 0.06770833333333333 0.28194444444444444 0.025 0.012037037037037037
1 0.25703125 0.2828703703703704 0.022395833333333334 0.012037037037037037
1 0.1765625 0.27685185185185185 0.025 0.014814814814814815
1 0.09401041666666667 0.28194444444444444 0.0265625 0.012037037037037037
1 0.11458333333333333 0.2810185185185185 0.03854166666666667 0.013888888888888888
