0 0.8106770833333333 0.32175925925925924 0.0640625 0.11574074074074074
0 0.8111979166666666 0.4125 0.06510416666666667 0.06944444444444445
0 0.6223958333333334 0.28703703703703703 0.08958333333333333 0.08703703703703704
0 0.6231770833333333 0.21203703703703702 0.08697916666666666 0.06666666666666667
1 0.6291666666666667 0.2796296296296296 0.036458333333333336 0.020370370370370372
1 0.8059895833333334 0.39444444444444443 0.0359375 0.020370370370370372
1 0.62265625 0.2611111111111111 0.0265625 0.020370370370370372
1 0.6205729166666667 0.19074074074074074 0.025520833333333333 0.018518518518518517
1 0.8174479166666667 0.43333333333333335 0.0296875 0.018518518518518517
1 0.6197916666666666 0.22870370370370371 0.027083333333333334 0.020370370370370372
1 0.8111979166666666 0.41203703703703703 0.030729166666666665 0.018518518518518517
1 0.6239583333333333 0.30925925925925923 0.027083333333333334 0.018518518518518517
1 0.6481770833333333 0.20972222222222223 0.0296875 0.017592592592592594
1 0.5950520833333334 0.30972222222222223 0.0234375 0.017592592592592594
1 0.61875 0.20879629629629629 0.022916666666666665 0.017592592592592594
