0 0.7809895833333333 0.32222222222222224 0.0890625 0.2462962962962963
0 0.7768229166666667 0.5546296296296296 0.05260416666666667 0.07962962962962963
1 0.784375 0.3712962962962963 0.041666666666666664 0.022222222222222223
1 0.7609375 0.399537037037037 0.03958333333333333 0.028703703703703703
1 0.7877604166666666 0.5745370370370371 0.0265625 0.03425925925925926
1 0.8067708333333333 0.39814814814814814 0.03333333333333333 0.027777777777777776
1 0.8106770833333333 0.42685185185185187 0.018229166666666668 0.022222222222222223
1 0.7895833333333333 0.5314814814814814 0.019791666666666666 0.022222222222222223
1 0.76796875 0.5324074074074074 0.0171875 0.022222222222222223
1 0.7627604166666667 0.5768518518518518 0.016145833333333335 0.022222222222222223
1 0.7911458333333333 0.42777777777777776 0.014583333333333334 0.022222222222222223
