0 0.7565104166666666 0.1648148148148148 0.09322916666666667 0.1685185185185185
0 0.58828125 0.2361111111111111 0.030729166666666665 0.05185185185185185
0 0.3502604166666667 0.25925925925925924 0.022395833333333334 0.03333333333333333
0 0.0796875 0.5189814814814815 0.029166666666666667 0.16018518518518518
0 0.07734375 0.387037037037037 0.05260416666666667 0.09814814814814815
0 0.35 0.28888888888888886 0.016666666666666666 0.027777777777777776
0 0.21119791666666668 0.3023148148148148 0.0109375 0.021296296296296296
1 0.9041666666666667 0.262037037037037 0.04479166666666667 0.02962962962962963
1 0.85625 0.2611111111111111 0.021875 0.022222222222222223
1 0.8299479166666667 0.2662037037037037 0.016145833333333335 0.017592592592592594
