0 0.25078125 0.3592592592592593 0.0546875 0.10185185185185185
0 0.03307291666666667 0.6462962962962963 0.06614583333333333 0.12407407407407407
0 0.23567708333333334 0.5078703703703704 0.08802083333333334 0.14537037037037037
0 0.24713541666666666 0.26481481481481484 0.05572916666666667 0.1
0 0.09817708333333333 0.5319444444444444 0.14322916666666666 0.0787037037037037
0 0.09661458333333334 0.6305555555555555 0.03802083333333333 0.15185185185185185
0 0.240625 0.058333333333333334 0.052083333333333336 0.09259259259259259
0 0.24583333333333332 0.16111111111111112 0.07916666666666666 0.12777777777777777
0 0.30234375 0.35185185185185186 0.05364583333333333 0.10555555555555556
0 0.29739583333333336 0.23935185185185184 0.04895833333333333 0.1175925925925926
0 0.9580729166666667 0.3101851851851852 0.015104166666666667 0.014814814814814815
0 0.89609375 0.3189814814814815 0.011979166666666667 0.010185185185185186
0 0.8723958333333334 0.3175925925925926 0.005208333333333333 0.009259259259259259
1 0.08489583333333334 0.5273148148148148 0.08020833333333334 0.049074074074074076
1 0.2942708333333333 0.3333333333333333 0.04479166666666667 0.04259259259259259
1 0.29765625 0.37222222222222223 0.04739583333333333 0.03148148148148148
