0 0.8565104166666667 0.26296296296296295 0.0640625 0.10740740740740741
0 0.6630208333333333 0.2986111111111111 0.030208333333333334 0.05462962962962963
0 0.9502604166666667 0.08472222222222223 0.08697916666666666 0.03981481481481482
0 0.9502604166666667 0.11712962962962963 0.08697916666666666 0.03981481481481482
0 0.95 0.14953703703703702 0.0875 0.03981481481481482
0 0.8567708333333334 0.33611111111111114 0.04479166666666667 0.040740740740740744
0 0.94921875 0.21712962962962962 0.0890625 0.03611111111111111
0 0.9497395833333333 0.1824074074074074 0.08802083333333334 0.03518518518518519
1 0.95234375 0.11574074074074074 0.0609375 0.027777777777777776
1 0.7557291666666667 0.31296296296296294 0.046875 0.016666666666666666
1 0.8546875 0.3351851851851852 0.016666666666666666 0.018518518518518517
1 0.7174479166666666 0.3125 0.025520833333333333 0.013888888888888888
1 0.9151041666666667 0.1476851851851852 0.016666666666666666 0.08425925925925926
