0 0.7848958333333333 0.3212962962962963 0.07395833333333333 0.19444444444444445
0 0.5122395833333333 0.25462962962962965 0.009895833333333333 0.018518518518518517
0 0.5739583333333333 0.31666666666666665 0.042708333333333334 0.02962962962962963
1 0.5739583333333333 0.3162037037037037 0.03229166666666667 0.019444444444444445
1 0.7828125 0.36898148148148147 0.026041666666666668 0.019444444444444445
1 0.14739583333333334 0.17824074074074073 0.021875 0.019444444444444445
1 0.3338541666666667 0.22453703703703703 0.020833333333333332 0.010185185185185186
1 0.7940104166666667 0.38564814814814813 0.021354166666666667 0.019444444444444445
1 0.790625 0.40324074074074073 0.0125 0.017592592592592594
1 0.7700520833333333 0.38287037037037036 0.019270833333333334 0.01574074074074074
