0 0.67265625 0.1837962962962963 0.20677083333333332 0.36018518518518516
1 0.6736979166666667 0.04027777777777778 0.0609375 0.032407407407407406
1 0.6260416666666667 0.25925925925925924 0.058333333333333334 0.02962962962962963
1 0.7255208333333333 0.2111111111111111 0.051041666666666666 0.02962962962962963
1 0.62578125 0.23055555555555557 0.0578125 0.03148148148148148
1 0.7122395833333334 0.07824074074074074 0.07447916666666667 0.03796296296296296
1 0.7197916666666667 0.1726851851851852 0.03958333333333333 0.028703703703703703
1 0.7169270833333333 0.2722222222222222 0.033854166666666664 0.025925925925925925
1 0.6322916666666667 0.06759259259259259 0.052083333333333336 0.03333333333333333
1 0.7145833333333333 0.2412037037037037 0.027083333333333334 0.025
1 0.6791666666666667 0.10787037037037037 0.036458333333333336 0.026851851851851852
1 0.64609375 0.1037037037037037 0.028645833333333332 0.027777777777777776
1 0.66796875 0.07175925925925926 0.018229166666666668 0.025
1 0.7046875 0.10925925925925926 0.015625 0.027777777777777776
