0 0.8630208333333333 0.1 0.057291666666666664 0.08888888888888889
0 0.5645833333333333 0.1412037037037037 0.03125 0.04722222222222222
0 0.3848958333333333 0.14444444444444443 0.04583333333333333 0.05
0 0.4747395833333333 0.14074074074074075 0.04635416666666667 0.04814814814814815
1 0.8609375 0.09305555555555556 0.028125 0.019444444444444445
1 0.8572916666666667 0.10833333333333334 0.022916666666666665 0.018518518518518517
1 0.39375 0.14953703703703702 0.017708333333333333 0.012037037037037037
1 0.4705729166666667 0.13472222222222222 0.019270833333333334 0.013888888888888888
1 0.8799479166666667 0.07777777777777778 0.0234375 0.016666666666666666
1 0.8565104166666667 0.075 0.0203125 0.016666666666666666
1 0.390625 0.13796296296296295 0.015625 0.011111111111111112
1 0.010416666666666666 0.29768518518518516 0.017708333333333333 0.013888888888888888
