0 0.8231770833333333 0.29583333333333334 0.14427083333333332 0.16203703703703703
0 0.53828125 0.3013888888888889 0.0296875 0.05092592592592592
0 0.46015625 0.3212962962962963 0.009895833333333333 0.016666666666666666
0 0.39817708333333335 0.32916666666666666 0.0036458333333333334 0.023148148148148147
0 0.446875 0.33564814814814814 0.005208333333333333 0.032407407407407406
0 0.525 0.28703703703703703 0.019791666666666666 0.053703703703703705
0 0.2942708333333333 0.33564814814814814 0.004166666666666667 0.025
1 0.57578125 0.32175925925925924 0.049479166666666664 0.019444444444444445
1 0.8213541666666667 0.2912037037037037 0.051041666666666666 0.025
1 0.5669270833333333 0.3050925925925926 0.0328125 0.019444444444444445
1 0.5903645833333333 0.30416666666666664 0.021354166666666667 0.017592592592592594
