0 0.6979166666666666 0.07083333333333333 0.078125 0.08611111111111111
0 0.15234375 0.23148148148148148 0.0171875 0.03148148148148148
0 0.5044270833333333 0.2986111111111111 0.016145833333333335 0.028703703703703703
0 0.7848958333333333 0.1763888888888889 0.03229166666666667 0.05092592592592592
0 0.5046875 0.21203703703703702 0.019791666666666666 0.037037037037037035
1 0.6994791666666667 0.0787037037037037 0.03958333333333333 0.018518518518518517
1 0.69765625 0.043055555555555555 0.03802083333333333 0.017592592592592594
1 0.6947916666666667 0.06157407407407407 0.03333333333333333 0.017592592592592594
1 0.7028645833333333 0.09444444444444444 0.0328125 0.020370370370370372
1 0.03854166666666667 0.3375 0.01875 0.023148148148148147
