0 0.8234375 0.13472222222222222 0.07604166666666666 0.23425925925925925
0 0.5408854166666667 0.2222222222222222 0.022395833333333334 0.03888888888888889
1 0.8190104166666666 0.2773148148148148 0.08802083333333334 0.03425925925925926
1 0.8166666666666667 0.37824074074074077 0.041666666666666664 0.017592592592592594
1 0.828125 0.1925925925925926 0.025 0.037037037037037035
1 0.8075520833333333 0.32916666666666666 0.0484375 0.019444444444444445
1 0.84765625 0.3314814814814815 0.033854166666666664 0.016666666666666666
1 0.38567708333333334 0.275 0.0390625 0.02962962962962963
1 0.8393229166666667 0.3490740740740741 0.03177083333333333 0.014814814814814815
1 0.45260416666666664 0.25787037037037036 0.020833333333333332 0.010185185185185186
1 0.8078125 0.34814814814814815 0.025 0.018518518518518517
