0 0.7979166666666667 0.30277777777777776 0.07916666666666666 0.2074074074074074
0 0.39401041666666664 0.3384259259259259 0.030729166666666665 0.058333333333333334
0 0.5552083333333333 0.2972222222222222 0.015625 0.027777777777777776
0 0.39557291666666666 0.4111111111111111 0.0171875 0.08703703703703704
0 0.8638020833333333 0.3212962962962963 0.0234375 0.04259259259259259
0 0.43515625 0.3013888888888889 0.0078125 0.03611111111111111
0 0.6440104166666667 0.31342592592592594 0.0265625 0.01574074074074074
0 0.64765625 0.29814814814814816 0.025520833333333333 0.014814814814814815
1 0.8161458333333333 0.36203703703703705 0.035416666666666666 0.024074074074074074
1 0.778125 0.3592592592592593 0.03854166666666667 0.024074074074074074
1 0.8190104166666666 0.3861111111111111 0.0296875 0.020370370370370372
1 0.8606770833333334 0.3199074074074074 0.013020833333333334 0.01574074074074074
1 0.7885416666666667 0.38425925925925924 0.03229166666666667 0.020370370370370372
1 0.7661458333333333 0.3851851851851852 0.0125 0.020370370370370372
