0 0.83984375 0.32083333333333336 0.1265625 0.14351851851851852
0 0.5734375 0.36574074074074076 0.040625 0.027777777777777776
0 0.57734375 0.3314814814814815 0.016145833333333335 0.027777777777777776
0 0.5442708333333334 0.36712962962962964 0.015625 0.028703703703703703
0 0.6677083333333333 0.37083333333333335 0.042708333333333334 0.026851851851851852
0 0.9197916666666667 0.43796296296296294 0.03125 0.05
0 0.3828125 0.28703703703703703 0.015625 0.02962962962962963
1 0.8848958333333333 0.01990740740740741 0.058333333333333334 0.04537037037037037
1 0.840625 0.31805555555555554 0.04479166666666667 0.021296296296296296
1 0.746875 0.3282407407407407 0.027083333333333334 0.019444444444444445
