0 0.89140625 0.25833333333333336 0.034895833333333334 0.08703703703703704
0 0.8916666666666667 0.3236111111111111 0.034375 0.03796296296296296
0 0.5588541666666667 0.23425925925925925 0.015625 0.027777777777777776
0 0.7669270833333334 0.08564814814814815 0.058854166666666666 0.08796296296296297
0 0.40859375 0.14583333333333334 0.0453125 0.049074074074074076
0 0.4979166666666667 0.14074074074074075 0.03125 0.044444444444444446
0 0.32135416666666666 0.1527777777777778 0.04479166666666667 0.04814814814814815
1 0.76484375 0.07731481481481481 0.0296875 0.017592592592592594
1 0.7619791666666667 0.09398148148148149 0.022916666666666665 0.01574074074074074
1 0.78203125 0.06111111111111111 0.0234375 0.016666666666666666
1 0.76015625 0.05925925925925926 0.021354166666666667 0.016666666666666666
1 0.4044270833333333 0.1398148148148148 0.0171875 0.011111111111111112
