0 0.76953125 0.4615740740740741 0.08489583333333334 0.08055555555555556
0 0.5395833333333333 0.29074074074074074 0.009375 0.016666666666666666
0 0.7700520833333333 0.34074074074074073 0.08489583333333334 0.1574074074074074
0 0.31484375 0.33240740740740743 0.021354166666666667 0.040740740740740744
0 0.6231770833333333 0.2810185185185185 0.0078125 0.013888888888888888
0 0.6744791666666666 0.28425925925925927 0.017708333333333333 0.007407407407407408
0 0.6747395833333333 0.2777777777777778 0.0171875 0.007407407407407408
1 0.7744791666666667 0.4476851851851852 0.028125 0.030555555555555555
1 0.3567708333333333 0.3421296296296296 0.013541666666666667 0.05462962962962963
1 0.41744791666666664 0.32685185185185184 0.0203125 0.009259259259259259
1 0.7466145833333333 0.44675925925925924 0.016145833333333335 0.025
1 0.778125 0.3902777777777778 0.03125 0.03611111111111111
1 0.7953125 0.44722222222222224 0.014583333333333334 0.027777777777777776
