0 0.7619791666666667 0.2412037037037037 0.06458333333333334 0.1175925925925926
0 0.3658854166666667 0.3055555555555556 0.019270833333333334 0.03333333333333333
0 0.76796875 0.09768518518518518 0.10364583333333334 0.18611111111111112
1 0.08802083333333334 0.29907407407407405 0.046875 0.020370370370370372
1 0.04609375 0.18611111111111112 0.04010416666666667 0.022222222222222223
1 0.04479166666666667 0.262037037037037 0.03125 0.022222222222222223
1 0.039322916666666666 0.14166666666666666 0.0296875 0.020370370370370372
1 0.046875 0.2833333333333333 0.035416666666666666 0.020370370370370372
1 0.03828125 0.2412037037037037 0.0203125 0.019444444444444445
1 0.03515625 0.1625 0.019270833333333334 0.019444444444444445
1 0.07135416666666666 0.15046296296296297 0.016666666666666666 0.012037037037037037
1 0.09609375 0.21342592592592594 0.0234375 0.019444444444444445
1 0.054947916666666666 0.3055555555555556 0.022395833333333334 0.014814814814814815
1 0.36640625 0.28055555555555556 0.021354166666666667 0.014814814814814815
1 0.07578125 0.21203703703703702 0.018229166666666668 0.020370370370370372
1 0.03854166666666667 0.3074074074074074 0.013541666666666667 0.012962962962962963
