0 0.5231770833333333 0.09259259259259259 0.05364583333333333 0.15185185185185185
0 0.37604166666666666 0.287962962962963 0.022916666666666665 0.040740740740740744
0 0.37734375 0.3375 0.0171875 0.05648148148148148
0 0.5981770833333333 0.09027777777777778 0.059895833333333336 0.16018518518518518
1 0.5208333333333334 0.031018518518518518 0.03125 0.01574074074074074
1 0.5171875 0.0912037037037037 0.030208333333333334 0.019444444444444445
1 0.6015625 0.08472222222222223 0.03958333333333333 0.017592592592592594
1 0.5145833333333333 0.13148148148148148 0.025 0.016666666666666666
1 0.6018229166666667 0.06944444444444445 0.0359375 0.014814814814814815
1 0.5106770833333333 0.11388888888888889 0.0171875 0.014814814814814815
1 0.5114583333333333 0.046296296296296294 0.01875 0.014814814814814815
1 0.5135416666666667 0.06805555555555555 0.023958333333333335 0.017592592592592594
