0 0.81015625 0.4310185185185185 0.1171875 0.31203703703703706
0 0.534375 0.2902777777777778 0.052083333333333336 0.0787037037037037
0 0.44765625 0.29907407407407405 0.0046875 0.009259259259259259
0 0.47734375 0.29814814814814816 0.0046875 0.009259259259259259
0 0.49296875 0.30462962962962964 0.0078125 0.012962962962962963
1 0.8059895833333334 0.5300925925925926 0.059895833333333336 0.062037037037037036
1 0.8143229166666667 0.4046296296296296 0.06927083333333334 0.040740740740740744
1 0.8158854166666667 0.3541666666666667 0.06822916666666666 0.06018518518518518
1 0.24010416666666667 0.29212962962962963 0.03333333333333333 0.01574074074074074
1 0.25416666666666665 0.3282407407407407 0.023958333333333335 0.01574074074074074
1 0.2518229166666667 0.34675925925925927 0.04010416666666667 0.013888888888888888
1 0.25442708333333336 0.31574074074074077 0.0265625 0.012962962962962963
1 0.534375 0.2625 0.019791666666666666 0.010185185185185186
1 0.22786458333333334 0.3189814814814815 0.021354166666666667 0.012037037037037037
1 0.14348958333333334 0.31296296296296294 0.019270833333333334 0.011111111111111112
1 0.22864583333333333 0.33101851851851855 0.017708333333333333 0.01574074074074074
1 0.22447916666666667 0.36203703703703705 0.017708333333333333 0.012962962962962963
1 0.21953125 0.350462962962963 0.0109375 0.012037037037037037
1 0.23020833333333332 0.34953703703703703 0.013541666666666667 0.012037037037037037
