0 0.43984375 0.05694444444444444 0.08177083333333333 0.08425925925925926
0 0.5200520833333333 0.3175925925925926 0.0203125 0.03518518518518519
0 0.33541666666666664 0.06342592592592593 0.103125 0.09351851851851851
0 0.5184895833333333 0.19398148148148148 0.030729166666666665 0.05462962962962963
1 0.33125 0.08611111111111111 0.028125 0.020370370370370372
1 0.43723958333333335 0.0712962962962963 0.04010416666666667 0.022222222222222223
1 0.44427083333333334 0.046296296296296294 0.053125 0.03148148148148148
1 0.36432291666666666 0.06111111111111111 0.0328125 0.022222222222222223
1 0.3328125 0.04259259259259259 0.030208333333333334 0.022222222222222223
1 0.33151041666666664 0.06342592592592593 0.0265625 0.021296296296296296
