0 0.6888020833333334 0.14537037037037037 0.1765625 0.25
1 0.6328125 0.06944444444444445 0.04583333333333333 0.025925925925925925
1 0.75078125 0.20879629629629629 0.0421875 0.025
1 0.7533854166666667 0.15648148148148147 0.04114583333333333 0.025925925925925925
1 0.7518229166666667 0.18333333333333332 0.0328125 0.022222222222222223
1 0.6236979166666666 0.04583333333333333 0.0296875 0.023148148148148147
1 0.65390625 0.10092592592592593 0.0421875 0.022222222222222223
1 0.6203125 0.09814814814814815 0.026041666666666668 0.02962962962962963
1 0.6869791666666667 0.24259259259259258 0.020833333333333332 0.020370370370370372
1 0.7059895833333333 0.24305555555555555 0.0140625 0.021296296296296296
