0 0.7880208333333333 0.27037037037037037 0.13958333333333334 0.2518518518518518
1 0.97578125 0.35185185185185186 0.04739583333333333 0.03333333333333333
1 0.68046875 0.19444444444444445 0.03802083333333333 0.014814814814814815
1 0.19114583333333332 0.08055555555555556 0.029166666666666667 0.012962962962962963
1 0.6817708333333333 0.20694444444444443 0.027083333333333334 0.013888888888888888
1 0.9783854166666667 0.21481481481481482 0.044270833333333336 0.03333333333333333
1 0.6825520833333333 0.22083333333333333 0.024479166666666666 0.012037037037037037
1 0.29296875 0.21805555555555556 0.018229166666666668 0.013888888888888888
1 0.6859375 0.2324074074074074 0.021875 0.012962962962962963
1 0.19166666666666668 0.09259259259259259 0.016666666666666666 0.012962962962962963
1 0.1390625 0.09027777777777778 0.027083333333333334 0.012037037037037037
1 0.18776041666666668 0.13935185185185187 0.0203125 0.01574074074074074
1 0.19348958333333333 0.12731481481481483 0.025520833333333333 0.013888888888888888
