0 0.7453125 0.3587962962962963 0.06666666666666667 0.025
0 0.8221354166666667 0.4115740740740741 0.0671875 0.026851851851851852
0 0.825 0.20879629629629629 0.06979166666666667 0.025
0 0.82421875 0.25972222222222224 0.06927083333333334 0.025
0 0.8247395833333333 0.23425925925925925 0.0703125 0.025925925925925925
0 0.58125 0.2708333333333333 0.030208333333333334 0.05277777777777778
0 0.7458333333333333 0.28194444444444444 0.06770833333333333 0.023148148148148147
0 0.40729166666666666 0.33101851851851855 0.00625 0.032407407407407406
0 0.31354166666666666 0.3726851851851852 0.010416666666666666 0.05648148148148148
0 0.21119791666666668 0.4203703703703704 0.016145833333333335 0.08518518518518518
0 0.41770833333333335 0.32731481481481484 0.005208333333333333 0.026851851851851852
0 0.74609375 0.30648148148148147 0.06822916666666666 0.024074074074074074
0 0.7458333333333333 0.33240740740740743 0.06666666666666667 0.025925925925925925
0 0.7463541666666667 0.2569444444444444 0.06770833333333333 0.023148148148148147
0 0.7450520833333333 0.3819444444444444 0.06614583333333333 0.025
0 0.8229166666666666 0.3875 0.06770833333333333 0.026851851851851852
0 0.74453125 0.4078703703703704 0.0671875 0.026851851851851852
1 0.04296875 0.21666666666666667 0.04739583333333333 0.044444444444444446
1 0.7450520833333333 0.4023148148148148 0.03802083333333333 0.012037037037037037
1 0.18567708333333333 0.20555555555555555 0.044270833333333336 0.04259259259259259
1 0.7575520833333333 0.30092592592592593 0.0265625 0.011111111111111112
1 0.7346354166666667 0.3277777777777778 0.0359375 0.014814814814814815
1 0.7369791666666666 0.4111111111111111 0.029166666666666667 0.011111111111111112
1 0.740625 0.2513888888888889 0.036458333333333336 0.013888888888888888
1 0.7408854166666666 0.3523148148148148 0.030729166666666665 0.013888888888888888
1 0.7359375 0.37777777777777777 0.03229166666666667 0.012962962962962963
1 0.7380208333333333 0.2763888888888889 0.03229166666666667 0.013888888888888888
1 0.7651041666666667 0.37777777777777777 0.028125 0.012962962962962963
1 0.7375 0.22546296296296298 0.028125 0.012037037037037037
1 0.84140625 0.35833333333333334 0.027604166666666666 0.018518518518518517
1 0.8401041666666667 0.25601851851851853 0.030208333333333334 0.019444444444444445
1 0.7372395833333333 0.30092592592592593 0.027604166666666666 0.011111111111111112
1 0.8151041666666666 0.35648148148148145 0.027083333333333334 0.016666666666666666
1 0.8171875 0.33055555555555555 0.025 0.014814814814814815
1 0.73984375 0.20046296296296295 0.03177083333333333 0.01574074074074074
1 0.7619791666666667 0.2518518518518518 0.026041666666666668 0.012962962962962963
1 0.8369791666666667 0.3055555555555556 0.019791666666666666 0.014814814814814815
1 0.8408854166666667 0.28194444444444444 0.025520833333333333 0.019444444444444445
1 0.7614583333333333 0.3523148148148148 0.029166666666666667 0.013888888888888888
1 0.8140625 0.25555555555555554 0.025 0.016666666666666666
1 0.7622395833333333 0.22592592592592592 0.027604166666666666 0.018518518518518517
1 0.8380208333333333 0.3300925925925926 0.019791666666666666 0.017592592592592594
1 0.76171875 0.3282407407407407 0.022395833333333334 0.012037037037037037
1 0.7640625 0.20185185185185187 0.019791666666666666 0.016666666666666666
1 0.81015625 0.2791666666666667 0.0140625 0.01574074074074074
1 0.825 0.2810185185185185 0.0125 0.01574074074074074
