0 0.34739583333333335 0.0875 0.04583333333333333 0.08055555555555556
0 0.46119791666666665 0.07175925925925926 0.0640625 0.0787037037037037
0 0.5296875 0.08101851851851852 0.071875 0.09722222222222222
0 0.5778645833333333 0.25833333333333336 0.027604166666666666 0.06481481481481481
0 0.012239583333333333 0.2962962962962963 0.016145833333333335 0.03333333333333333
1 0.46796875 0.07037037037037037 0.0390625 0.022222222222222223
1 0.5205729166666667 0.05 0.043229166666666666 0.018518518518518517
1 0.5278645833333333 0.11712962962962963 0.0171875 0.017592592592592594
1 0.5125 0.06944444444444445 0.027083333333333334 0.020370370370370372
1 0.5239583333333333 0.08888888888888889 0.026041666666666668 0.020370370370370372
1 0.45989583333333334 0.05092592592592592 0.023958333333333335 0.016666666666666666
1 0.878125 0.0824074074074074 0.022916666666666665 0.024074074074074074
1 0.4752604166666667 0.09166666666666666 0.022395833333333334 0.018518518518518517
1 0.35703125 0.11388888888888889 0.013020833333333334 0.014814814814814815
1 0.45546875 0.09074074074074075 0.015104166666666667 0.018518518518518517
1 0.7729166666666667 0.17314814814814813 0.028125 0.07222222222222222
