0 0.7786458333333334 0.1837962962962963 0.21041666666666667 0.30648148148148147
1 0.7731770833333333 0.08194444444444444 0.03177083333333333 0.025
1 0.8307291666666666 0.16620370370370371 0.03333333333333333 0.025
1 0.7026041666666667 0.19398148148148148 0.034375 0.026851851851851852
1 0.8330729166666667 0.2 0.028645833333333332 0.024074074074074074
1 0.8020833333333334 0.13703703703703704 0.027083333333333334 0.02962962962962963
1 0.803125 0.19675925925925927 0.030208333333333334 0.028703703703703703
1 0.82734375 0.13842592592592592 0.022395833333333334 0.026851851851851852
1 0.80078125 0.1625 0.022395833333333334 0.026851851851851852
1 0.7471354166666667 0.07731481481481481 0.015104166666666667 0.026851851851851852
1 0.76015625 0.30648148148148147 0.015104166666666667 0.018518518518518517
1 0.7278645833333334 0.19305555555555556 0.015104166666666667 0.026851851851851852
