0 0.37473958333333335 0.11435185185185186 0.05260416666666667 0.06574074074074074
0 0.2671875 0.14166666666666666 0.034375 0.06111111111111111
0 0.8924479166666667 0.26157407407407407 0.0203125 0.03796296296296296
0 0.43046875 0.1111111111111111 0.058854166666666666 0.06296296296296296
0 0.52265625 0.26342592592592595 0.024479166666666666 0.06018518518518518
1 0.8377604166666667 0.06435185185185185 0.0390625 0.04351851851851852
1 0.4231770833333333 0.09444444444444444 0.034895833333333334 0.016666666666666666
1 0.41692708333333334 0.11018518518518519 0.0203125 0.014814814814814815
1 0.37916666666666665 0.1125 0.03125 0.01574074074074074
1 0.8885416666666667 0.05 0.017708333333333333 0.024074074074074074
1 0.9169270833333333 0.056018518518518516 0.03177083333333333 0.023148148148148147
1 0.42578125 0.1486111111111111 0.016145833333333335 0.01574074074074074
1 0.42578125 0.12731481481481483 0.021354166666666667 0.017592592592592594
1 0.3859375 0.12824074074074074 0.020833333333333332 0.01574074074074074
1 0.3736979166666667 0.09722222222222222 0.0234375 0.014814814814814815
1 0.37083333333333335 0.1300925925925926 0.0125 0.01574074074074074
1 0.4359375 0.15 0.0125 0.014814814814814815
