0 0.55078125 0.08981481481481482 0.08802083333333334 0.10925925925925926
0 0.44375 0.07361111111111111 0.09375 0.11574074074074074
0 0.6260416666666667 0.18935185185185185 0.028125 0.05092592592592592
1 0.4440104166666667 0.033796296296296297 0.033854166666666664 0.019444444444444445
1 0.5471354166666667 0.1 0.04010416666666667 0.018518518518518517
1 0.5427083333333333 0.05925925925925926 0.03854166666666667 0.020370370370370372
1 0.43776041666666665 0.09212962962962963 0.0390625 0.017592592592592594
1 0.4401041666666667 0.050462962962962966 0.023958333333333335 0.017592592592592594
1 0.53671875 0.075 0.025520833333333333 0.018518518518518517
1 0.4705729166666667 0.1087962962962963 0.0296875 0.019444444444444445
1 0.46640625 0.06527777777777778 0.0296875 0.019444444444444445
1 0.5625 0.11805555555555555 0.027083333333333334 0.019444444444444445
1 0.5356770833333333 0.11574074074074074 0.024479166666666666 0.018518518518518517
1 0.43802083333333336 0.06620370370370371 0.022916666666666665 0.01574074074074074
1 0.44296875 0.10972222222222222 0.0234375 0.01574074074074074
1 0.4234375 0.10925925925925926 0.017708333333333333 0.018518518518518517
1 0.5200520833333333 0.11527777777777778 0.015104166666666667 0.017592592592592594
