0 0.803125 0.19768518518518519 0.15416666666666667 0.3175925925925926
1 0.8416666666666667 0.08055555555555556 0.05520833333333333 0.03148148148148148
1 0.8427083333333333 0.10740740740740741 0.05416666666666667 0.02962962962962963
1 0.8346354166666666 0.1361111111111111 0.04010416666666667 0.027777777777777776
1 0.7580729166666667 0.23055555555555557 0.043229166666666666 0.025925925925925925
1 0.7591145833333334 0.19768518518518519 0.04114583333333333 0.023148148148148147
1 0.7575520833333333 0.2574074074074074 0.0421875 0.025925925925925925
1 0.81640625 0.23472222222222222 0.028645833333333332 0.019444444444444445
1 0.7934895833333333 0.25925925925925924 0.027604166666666666 0.024074074074074074
1 0.78984375 0.2337962962962963 0.019270833333333334 0.017592592592592594
1 0.7921875 0.19907407407407407 0.020833333333333332 0.020370370370370372
