0 0.34479166666666666 0.08009259259259259 0.109375 0.13796296296296295
0 0.45234375 0.07361111111111111 0.08697916666666666 0.13425925925925927
1 0.4544270833333333 0.06805555555555555 0.0515625 0.021296296296296296
1 0.4518229166666667 0.08796296296296297 0.0453125 0.020370370370370372
1 0.35494791666666664 0.050462962962962966 0.034895833333333334 0.023148148148148147
1 0.36328125 0.07361111111111111 0.025520833333333333 0.019444444444444445
1 0.365625 0.09259259259259259 0.028125 0.018518518518518517
1 0.33098958333333334 0.07592592592592592 0.024479166666666666 0.020370370370370372
1 0.4744791666666667 0.04398148148148148 0.027083333333333334 0.021296296296296296
1 0.37838541666666664 0.029166666666666667 0.0296875 0.021296296296296296
1 0.47265625 0.02546296296296296 0.024479166666666666 0.021296296296296296
1 0.3372395833333333 0.09490740740740741 0.024479166666666666 0.019444444444444445
1 0.34869791666666666 0.032407407407407406 0.025520833333333333 0.020370370370370372
1 0.31588541666666664 0.09722222222222222 0.0171875 0.018518518518518517
1 0.4518229166666667 0.04351851851851852 0.0171875 0.022222222222222223
1 0.32864583333333336 0.05185185185185185 0.015625 0.020370370370370372
1 0.32838541666666665 0.03333333333333333 0.0171875 0.022222222222222223
1 0.4513020833333333 0.02638888888888889 0.018229166666666668 0.023148148148148147
1 0.31328125 0.03425925925925926 0.019270833333333334 0.024074074074074074
1 0.31692708333333336 0.07731481481481481 0.018229166666666668 0.021296296296296296
1 0.3111979166666667 0.053703703703703705 0.013020833333333334 0.018518518518518517
1 0.434375 0.02962962962962963 0.017708333333333333 0.027777777777777776
