0 0.80234375 0.24259259259259258 0.050520833333333334 0.05555555555555555
0 0.80390625 0.1699074074074074 0.0515625 0.10277777777777777
0 0.09114583333333333 0.34953703703703703 0.025 0.06018518518518518
0 0.30234375 0.3351851851851852 0.0234375 0.009259259259259259
0 0.30234375 0.3416666666666667 0.022395833333333334 0.009259259259259259
0 0.3026041666666667 0.3486111111111111 0.023958333333333335 0.008333333333333333
0 0.30234375 0.35648148148148145 0.0234375 0.009259259259259259
0 0.3026041666666667 0.36342592592592593 0.023958333333333335 0.010185185185185186
0 0.3020833333333333 0.3699074074074074 0.025 0.010185185185185186
1 0.8057291666666667 0.15462962962962962 0.04895833333333333 0.06111111111111111
