0 0.7286458333333333 0.21342592592592594 0.22083333333333333 0.3416666666666667
0 0.63203125 0.40555555555555556 0.1203125 0.05555555555555555
1 0.7252604166666666 0.08009259259259259 0.07552083333333333 0.041666666666666664
1 0.64375 0.40555555555555556 0.05625 0.02962962962962963
1 0.7971354166666667 0.2810185185185185 0.06614583333333333 0.03981481481481482
1 0.7989583333333333 0.20092592592592592 0.0625 0.03333333333333333
1 0.6583333333333333 0.19814814814814816 0.052083333333333336 0.02962962962962963
1 0.6575520833333334 0.2773148148148148 0.05364583333333333 0.041666666666666664
1 0.72109375 0.35509259259259257 0.024479166666666666 0.021296296296296296
1 0.740625 0.35648148148148145 0.0125 0.022222222222222223
