0 0.6963541666666667 0.15231481481481482 0.090625 0.22685185185185186
0 0.4890625 0.20879629629629629 0.023958333333333335 0.026851851851851852
0 0.45 0.21574074074074073 0.026041666666666668 0.02962962962962963
0 0.4127604166666667 0.21666666666666667 0.0265625 0.02962962962962963
1 0.8708333333333333 0.3680555555555556 0.090625 0.062037037037037036
1 0.6791666666666667 0.1037037037037037 0.04375 0.022222222222222223
1 0.8825520833333333 0.40555555555555556 0.06197916666666667 0.03888888888888889
1 0.8486979166666667 0.4375 0.04114583333333333 0.03981481481481482
1 0.6700520833333333 0.0587962962962963 0.0265625 0.021296296296296296
1 0.7236979166666667 0.18287037037037038 0.025520833333333333 0.025
1 0.6729166666666667 0.08148148148148149 0.03333333333333333 0.022222222222222223
1 0.7020833333333333 0.08287037037037037 0.023958333333333335 0.019444444444444445
1 0.8708333333333333 0.4462962962962963 0.021875 0.03333333333333333
