0 0.5359375 0.03981481481481482 0.075 0.05185185185185185
0 0.5361979166666667 0.0824074074074074 0.07447916666666667 0.037037037037037035
0 0.4557291666666667 0.06157407407407407 0.0625 0.08796296296296297
0 0.6174479166666667 0.20416666666666666 0.025520833333333333 0.04351851851851852
0 0.334375 0.07268518518518519 0.08229166666666667 0.09166666666666666
1 0.5356770833333333 0.03009259259259259 0.034895833333333334 0.021296296296296296
1 0.3341145833333333 0.09861111111111111 0.0359375 0.021296296296296296
1 0.46015625 0.05185185185185185 0.0328125 0.020370370370370372
1 0.33177083333333335 0.08101851851851852 0.030208333333333334 0.019444444444444445
1 0.53125 0.049074074074074076 0.026041666666666668 0.020370370370370372
1 0.3268229166666667 0.06481481481481481 0.024479166666666666 0.020370370370370372
1 0.45546875 0.06898148148148148 0.0234375 0.017592592592592594
1 0.5190104166666667 0.08194444444444444 0.0328125 0.019444444444444445
1 0.5455729166666666 0.08148148148148149 0.0171875 0.016666666666666666
