0 0.8263020833333333 0.31296296296296294 0.0859375 0.1648148148148148
1 0.18098958333333334 0.17222222222222222 0.03697916666666667 0.020370370370370372
1 0.13541666666666666 0.29305555555555557 0.016666666666666666 0.026851851851851852
1 0.17786458333333333 0.225 0.018229166666666668 0.011111111111111112
1 0.19166666666666668 0.22314814814814815 0.013541666666666667 0.011111111111111112
1 0.18776041666666668 0.18981481481481483 0.018229166666666668 0.014814814814814815
1 0.18828125 0.20601851851851852 0.016145833333333335 0.013888888888888888
1 0.5 0.17777777777777778 0.015625 0.011111111111111112
1 0.17291666666666666 0.20879629629629629 0.0125 0.012037037037037037
1 0.17265625 0.19212962962962962 0.015104166666666667 0.01574074074074074
1 0.49947916666666664 0.18981481481481483 0.014583333333333334 0.009259259259259259
1 0.17682291666666666 0.33425925925925926 0.019270833333333334 0.011111111111111112
1 0.17630208333333333 0.3472222222222222 0.019270833333333334 0.016666666666666666
