0 0.7041666666666667 0.12407407407407407 0.184375 0.21851851851851853
0 0.7067708333333333 0.2662037037037037 0.18229166666666666 0.06944444444444445
0 0.5497395833333333 0.22592592592592592 0.021354166666666667 0.03888888888888889
1 0.032552083333333336 0.18101851851851852 0.0515625 0.04722222222222222
1 0.73828125 0.19722222222222222 0.0859375 0.03333333333333333
1 0.6817708333333333 0.11944444444444445 0.04583333333333333 0.03888888888888889
1 0.7197916666666667 0.15601851851851853 0.04375 0.032407407407407406
1 0.7161458333333334 0.2671296296296296 0.042708333333333334 0.032407407407407406
1 0.6875 0.19583333333333333 0.05416666666666667 0.03425925925925926
1 0.6783854166666666 0.15416666666666667 0.03697916666666667 0.03611111111111111
1 0.55546875 0.11805555555555555 0.0234375 0.01574074074074074
1 0.6765625 0.2652777777777778 0.03125 0.03425925925925926
