0 0.8934895833333333 0.33611111111111114 0.09322916666666667 0.25925925925925924
0 0.5447916666666667 0.2574074074074074 0.019791666666666666 0.03518518518518519
0 0.54375 0.287962962962963 0.017708333333333333 0.02962962962962963
0 0.8877604166666667 0.5032407407407408 0.08489583333333334 0.0824074074074074
1 0.9018229166666667 0.5810185185185185 0.11197916666666667 0.09166666666666666
1 0.8885416666666667 0.5212962962962963 0.06041666666666667 0.03888888888888889
1 0.9609375 0.6055555555555555 0.07395833333333333 0.03888888888888889
1 0.9716145833333333 0.5652777777777778 0.05677083333333333 0.03425925925925926
1 0.8690104166666667 0.47962962962962963 0.0390625 0.027777777777777776
1 0.90625 0.48148148148148145 0.030208333333333334 0.025925925925925925
