0 0.8143229166666667 0.35185185185185186 0.14114583333333333 0.08518518518518518
0 0.5421875 0.20879629629629629 0.007291666666666667 0.03796296296296296
0 0.6065104166666667 0.31296296296296294 0.0078125 0.025925925925925925
0 0.6268229166666667 0.30277777777777776 0.028645833333333332 0.03888888888888889
0 0.6244791666666667 0.16527777777777777 0.040625 0.0712962962962963
0 0.8151041666666666 0.2611111111111111 0.13958333333333334 0.10185185185185185
0 0.04296875 0.2101851851851852 0.0296875 0.044444444444444446
0 0.5234375 0.2324074074074074 0.013541666666666667 0.027777777777777776
1 0.7989583333333333 0.28425925925925927 0.03958333333333333 0.02962962962962963
1 0.7822916666666667 0.36527777777777776 0.06041666666666667 0.032407407407407406
1 0.7791666666666667 0.33287037037037037 0.053125 0.030555555555555555
1 0.8036458333333333 0.24027777777777778 0.04791666666666667 0.03425925925925926
1 0.8268229166666666 0.3337962962962963 0.0390625 0.028703703703703703
1 0.8330729166666667 0.36574074074074076 0.03802083333333333 0.025925925925925925
1 0.8471354166666667 0.24166666666666667 0.0359375 0.027777777777777776
