0 0.8348958333333333 0.26157407407407407 0.042708333333333334 0.1287037037037037
0 0.8348958333333333 0.3388888888888889 0.042708333333333334 0.02962962962962963
1 0.8348958333333333 0.22361111111111112 0.030208333333333334 0.019444444444444445
1 0.8356770833333333 0.29953703703703705 0.024479166666666666 0.023148148148148147
1 0.06692708333333333 0.03333333333333333 0.028645833333333332 0.018518518518518517
1 0.8356770833333333 0.24722222222222223 0.0171875 0.024074074074074074
1 0.04010416666666667 0.03935185185185185 0.020833333333333332 0.017592592592592594
1 0.0109375 0.044444444444444446 0.020833333333333332 0.014814814814814815
1 0.8278645833333333 0.33935185185185185 0.024479166666666666 0.021296296296296296
1 0.040625 0.05416666666666667 0.021875 0.01574074074074074
1 0.8348958333333333 0.2671296296296296 0.0125 0.017592592592592594
1 0.84765625 0.3402777777777778 0.0140625 0.019444444444444445
1 0.0265625 0.0412037037037037 0.010416666666666666 0.01574074074074074
