0 0.5192708333333333 0.08935185185185185 0.084375 0.09907407407407408
0 0.4328125 0.0912037037037037 0.08541666666666667 0.09907407407407408
0 0.3484375 0.09583333333333334 0.084375 0.10277777777777777
0 0.8138020833333334 0.27546296296296297 0.021354166666666667 0.03796296296296296
1 0.05026041666666667 0.03611111111111111 0.0328125 0.02962962962962963
1 0.5416666666666666 0.3111111111111111 0.035416666666666666 0.040740740740740744
1 0.06171875 0.1527777777777778 0.0234375 0.014814814814814815
1 0.5177083333333333 0.06342592592592593 0.025 0.017592592592592594
1 0.5182291666666666 0.09722222222222222 0.03854166666666667 0.018518518518518517
1 0.36041666666666666 0.07916666666666666 0.03125 0.017592592592592594
1 0.5135416666666667 0.08009259259259259 0.030208333333333334 0.01574074074074074
1 0.36692708333333335 0.10972222222222222 0.030729166666666665 0.013888888888888888
1 0.36328125 0.09583333333333334 0.0359375 0.019444444444444445
1 0.44036458333333334 0.09722222222222222 0.028645833333333332 0.018518518518518517
1 0.5213541666666667 0.11064814814814815 0.030208333333333334 0.017592592592592594
1 0.5484375 0.06620370370370371 0.015625 0.017592592592592594
1 0.33515625 0.08055555555555556 0.016145833333333335 0.016666666666666666
