0 0.81640625 0.22083333333333333 0.08697916666666666 0.1675925925925926
0 0.3182291666666667 0.3787037037037037 0.021875 0.03888888888888889
0 0.5309895833333333 0.2611111111111111 0.0109375 0.020370370370370372
0 0.3880208333333333 0.31712962962962965 0.008333333333333333 0.013888888888888888
0 0.3885416666666667 0.3337962962962963 0.004166666666666667 0.017592592592592594
1 0.9182291666666667 0.05925925925925926 0.08854166666666667 0.04814814814814815
1 0.8651041666666667 0.0125 0.059375 0.030555555555555555
1 0.9143229166666667 0.3143518518518518 0.024479166666666666 0.025
1 0.8348958333333333 0.05787037037037037 0.03854166666666667 0.030555555555555555
1 0.9375 0.010185185185185186 0.053125 0.037037037037037035
1 0.8653645833333333 0.058333333333333334 0.027604166666666666 0.037037037037037035
