0 0.8580729166666666 0.35185185185185186 0.07135416666666666 0.1037037037037037
0 0.5377604166666666 0.30092592592592593 0.0421875 0.020370370370370372
0 0.7708333333333334 0.22268518518518518 0.026041666666666668 0.03981481481481482
0 0.5302083333333333 0.21435185185185185 0.023958333333333335 0.04351851851851852
0 0.4473958333333333 0.30277777777777776 0.011458333333333333 0.027777777777777776
0 0.23984375 0.30324074074074076 0.018229166666666668 0.008333333333333333
0 0.23671875 0.2953703703703704 0.018229166666666668 0.009259259259259259
1 0.85703125 0.36666666666666664 0.04739583333333333 0.04259259259259259
1 0.8596354166666667 0.3333333333333333 0.0328125 0.02962962962962963
1 0.5346354166666667 0.29953703703703705 0.028645833333333332 0.019444444444444445
