0 0.8661458333333333 0.324537037037037 0.11979166666666667 0.1527777777777778
1 0.8674479166666667 0.3347222222222222 0.0484375 0.026851851851851852
1 0.8591145833333333 0.36157407407407405 0.03802083333333333 0.028703703703703703
1 0.25416666666666665 0.03981481481481482 0.028125 0.024074074074074074
1 0.2677083333333333 0.06111111111111111 0.03229166666666667 0.024074074074074074
1 0.8625 0.27685185185185185 0.0375 0.027777777777777776
1 0.8981770833333333 0.30648148148148147 0.04010416666666667 0.024074074074074074
1 0.8596354166666667 0.30277777777777776 0.0328125 0.025925925925925925
1 0.24505208333333334 0.05277777777777778 0.0171875 0.018518518518518517
1 0.2682291666666667 0.024537037037037038 0.025 0.030555555555555555
1 0.0984375 0.30833333333333335 0.029166666666666667 0.016666666666666666
1 0.2484375 0.016666666666666666 0.025 0.02962962962962963
1 0.17786458333333333 0.017592592592592594 0.04739583333333333 0.02962962962962963
1 0.2833333333333333 0.274537037037037 0.017708333333333333 0.012037037037037037
