0 0.7565104166666666 0.20324074074074075 0.050520833333333334 0.09166666666666666
0 0.7559895833333333 0.09675925925925925 0.0734375 0.13240740740740742
0 0.7481770833333333 0.2708333333333333 0.13177083333333334 0.05277777777777778
1 0.7528645833333333 0.26944444444444443 0.08385416666666666 0.03333333333333333
1 0.9544270833333334 0.01712962962962963 0.058854166666666666 0.03796296296296296
1 0.33203125 0.2125 0.025520833333333333 0.012037037037037037
1 0.30885416666666665 0.29398148148148145 0.03125 0.01574074074074074
1 0.35859375 0.2949074074074074 0.028645833333333332 0.013888888888888888
1 0.33307291666666666 0.23703703703703705 0.024479166666666666 0.014814814814814815
1 0.3328125 0.29398148148148145 0.021875 0.013888888888888888
