0 0.7817708333333333 0.2814814814814815 0.1375 0.2611111111111111
0 0.26458333333333334 0.274537037037037 0.042708333333333334 0.04537037037037037
0 0.52109375 0.27314814814814814 0.043229166666666666 0.044444444444444446
1 0.5122395833333333 0.26064814814814813 0.021354166666666667 0.013888888888888888
1 0.2565104166666667 0.2625 0.0203125 0.012037037037037037
1 0.5153645833333333 0.27361111111111114 0.024479166666666666 0.013888888888888888
1 0.25859375 0.274537037037037 0.022395833333333334 0.012037037037037037
1 0.5140625 0.28425925925925927 0.021875 0.012962962962962963
1 0.5184895833333333 0.3 0.013020833333333334 0.012962962962962963
1 0.25729166666666664 0.2865740740740741 0.017708333333333333 0.010185185185185186
1 0.2625 0.3013888888888889 0.011458333333333333 0.012037037037037037
