0 0.7609375 0.06157407407407407 0.20104166666666667 0.09166666666666666
0 0.7606770833333333 0.20046296296296295 0.20052083333333334 0.1935185185185185
0 0.7611979166666667 0.3435185185185185 0.1984375 0.08703703703703704
0 0.56875 0.29768518518518516 0.030208333333333334 0.04722222222222222
0 0.50234375 0.2351851851851852 0.015104166666666667 0.027777777777777776
1 0.7833333333333333 0.1476851851851852 0.09479166666666666 0.04537037037037037
1 0.7671875 0.24768518518518517 0.10729166666666666 0.03981481481481482
1 0.7635416666666667 0.06435185185185185 0.084375 0.03981481481481482
1 0.7778645833333333 0.1935185185185185 0.09010416666666667 0.044444444444444446
1 0.7127604166666667 0.3402777777777778 0.07239583333333334 0.03796296296296296
1 0.7591145833333334 0.3425925925925926 0.030729166666666665 0.040740740740740744
1 0.721875 0.17777777777777778 0.028125 0.06296296296296296
