0 0.7807291666666667 0.3375 0.05520833333333333 0.16018518518518518
0 0.7796875 0.21666666666666667 0.090625 0.09814814814814815
0 0.5161458333333333 0.24722222222222223 0.021875 0.05740740740740741
0 0.5375 0.3087962962962963 0.03958333333333333 0.05648148148148148
1 0.7997395833333333 0.19166666666666668 0.04739583333333333 0.03148148148148148
1 0.8044270833333333 0.21712962962962962 0.04114583333333333 0.03425925925925926
1 0.8072916666666666 0.2462962962962963 0.015625 0.022222222222222223
1 0.52734375 0.287962962962963 0.016145833333333335 0.016666666666666666
1 0.5653645833333333 0.30324074074074076 0.015104166666666667 0.019444444444444445
1 0.7791666666666667 0.21898148148148147 0.015625 0.023148148148148147
1 0.5658854166666667 0.2916666666666667 0.0140625 0.014814814814814815
