0 0.14479166666666668 0.2833333333333333 0.05520833333333333 0.1037037037037037
0 0.14505208333333333 0.3472222222222222 0.050520833333333334 0.037037037037037035
0 0.146875 0.18703703703703703 0.05416666666666667 0.09814814814814815
0 0.2234375 0.23055555555555557 0.046875 0.07592592592592592
0 0.9244791666666666 0.24305555555555555 0.071875 0.14351851851851852
0 0.9177083333333333 0.3824074074074074 0.07604166666666666 0.1425925925925926
0 0.91328125 0.47685185185185186 0.07760416666666667 0.05555555555555555
1 0.9184895833333333 0.36203703703703705 0.0359375 0.027777777777777776
1 0.9171875 0.4027777777777778 0.0375 0.024074074074074074
1 0.9052083333333333 0.475462962962963 0.029166666666666667 0.030555555555555555
1 0.14401041666666667 0.29583333333333334 0.027604166666666666 0.019444444444444445
1 0.1453125 0.26805555555555555 0.026041666666666668 0.017592592592592594
1 0.13958333333333334 0.3472222222222222 0.016666666666666666 0.020370370370370372
