0 0.6677083333333333 0.17222222222222222 0.225 0.3314814814814815
0 0.4231770833333333 0.2949074074074074 0.015104166666666667 0.026851851851851852
0 0.4236979166666667 0.32407407407407407 0.009895833333333333 0.03333333333333333
0 0.5432291666666667 0.2902777777777778 0.009375 0.017592592592592594
1 0.71953125 0.13055555555555556 0.0703125 0.03518518518518519
1 0.6645833333333333 0.07777777777777778 0.06458333333333334 0.02962962962962963
1 0.66328125 0.049074074074074076 0.0640625 0.03148148148148148
1 0.7140625 0.16203703703703703 0.06041666666666667 0.03333333333333333
1 0.6 0.20046296296296295 0.06875 0.028703703703703703
1 0.7341145833333333 0.19027777777777777 0.06510416666666667 0.026851851851851852
1 0.7330729166666666 0.22824074074074074 0.04114583333333333 0.026851851851851852
1 0.5841145833333333 0.2324074074074074 0.033854166666666664 0.027777777777777776
1 0.6934895833333333 0.22685185185185186 0.030729166666666665 0.025925925925925925
1 0.6919270833333333 0.1884259259259259 0.0171875 0.021296296296296296
