0 0.7328125 0.18333333333333332 0.121875 0.3296296296296296
1 0.7247395833333333 0.20694444444444443 0.05364583333333333 0.025
1 0.7244791666666667 0.18425925925925926 0.052083333333333336 0.025925925925925925
1 0.71640625 0.2550925925925926 0.0359375 0.023148148148148147
1 0.7161458333333334 0.22962962962962963 0.0375 0.025925925925925925
1 0.7458333333333333 0.10694444444444444 0.035416666666666666 0.025
1 0.7575520833333333 0.08518518518518518 0.050520833333333334 0.025925925925925925
1 0.7247395833333333 0.13564814814814816 0.028645833333333332 0.026851851851851852
1 0.7557291666666667 0.1375 0.028125 0.025
1 0.71953125 0.0837962962962963 0.019270833333333334 0.028703703703703703
