0 0.8236979166666667 0.30694444444444446 0.06510416666666667 0.1175925925925926
0 0.825 0.22083333333333333 0.06354166666666666 0.05648148148148148
0 0.6911458333333333 0.2162037037037037 0.07395833333333333 0.11018518518518519
0 0.8244791666666667 0.12916666666666668 0.09375 0.14907407407407408
1 0.69453125 0.17685185185185184 0.03802083333333333 0.022222222222222223
1 0.6940104166666666 0.19953703703703704 0.0390625 0.025
1 0.6911458333333333 0.25 0.03125 0.020370370370370372
1 0.6966145833333334 0.22870370370370371 0.03802083333333333 0.018518518518518517
1 0.81328125 0.2199074074074074 0.030729166666666665 0.023148148148148147
1 0.83984375 0.22314814814814815 0.024479166666666666 0.025925925925925925
