0 0.7893229166666667 0.4212962962962963 0.1140625 0.07592592592592592
0 0.79140625 0.27685185185185185 0.11614583333333334 0.21666666666666667
0 0.56328125 0.2574074074074074 0.08489583333333334 0.1388888888888889
1 0.78984375 0.4064814814814815 0.0296875 0.03148148148148148
1 0.5645833333333333 0.20185185185185187 0.025 0.012962962962962963
1 0.5875 0.26851851851851855 0.01875 0.014814814814814815
1 0.5630208333333333 0.21203703703703702 0.027083333333333334 0.014814814814814815
1 0.5755208333333334 0.27824074074074073 0.013541666666666667 0.012037037037037037
1 0.5395833333333333 0.27175925925925926 0.019791666666666666 0.013888888888888888
1 0.5388020833333333 0.2824074074074074 0.0203125 0.014814814814814815
1 0.53828125 0.26064814814814813 0.015104166666666667 0.013888888888888888
