0 0.42890625 0.10462962962962963 0.05364583333333333 0.10740740740740741
0 0.5580729166666667 0.3060185185185185 0.027604166666666666 0.04722222222222222
0 0.49661458333333336 0.10324074074074074 0.04635416666666667 0.10833333333333334
0 0.5604166666666667 0.27314814814814814 0.015625 0.027777777777777776
1 0.42890625 0.1175925925925926 0.030729166666666665 0.018518518518518517
1 0.4270833333333333 0.10231481481481482 0.027083333333333334 0.01574074074074074
1 0.34921875 0.30648148148148147 0.018229166666666668 0.016666666666666666
1 0.4278645833333333 0.0912037037037037 0.024479166666666666 0.017592592592592594
1 0.49635416666666665 0.11157407407407408 0.019791666666666666 0.012037037037037037
1 0.4903645833333333 0.07222222222222222 0.025520833333333333 0.014814814814814815
1 0.49765625 0.08935185185185185 0.021354166666666667 0.017592592592592594
1 0.5080729166666667 0.07361111111111111 0.016145833333333335 0.017592592592592594
