0 0.8333333333333334 0.24259259259259258 0.09270833333333334 0.26666666666666666
0 0.6557291666666667 0.35138888888888886 0.10625 0.06574074074074074
0 0.5513020833333333 0.3087962962962963 0.0515625 0.021296296296296296
1 0.8169270833333333 0.4013888888888889 0.09739583333333333 0.04537037037037037
1 0.8411458333333334 0.5111111111111111 0.05416666666666667 0.025925925925925925
1 0.803125 0.45787037037037037 0.05520833333333333 0.025
1 0.834375 0.32685185185185184 0.03229166666666667 0.040740740740740744
1 0.6333333333333333 0.3472222222222222 0.05 0.03518518518518519
1 0.68203125 0.3527777777777778 0.044270833333333336 0.03148148148148148
1 0.8486979166666667 0.4648148148148148 0.04010416666666667 0.024074074074074074
1 0.8567708333333334 0.33287037037037037 0.014583333333333334 0.032407407407407406
