0 0.7966145833333333 0.4009259259259259 0.05572916666666667 0.10925925925925926
0 0.7947916666666667 0.25925925925925924 0.09895833333333333 0.18703703703703703
1 0.6869791666666667 0.2726851851851852 0.03125 0.012037037037037037
1 0.67265625 0.2013888888888889 0.0265625 0.012037037037037037
1 0.030729166666666665 0.23425925925925925 0.03125 0.024074074074074074
1 0.7151041666666667 0.25092592592592594 0.03125 0.027777777777777776
1 0.7015625 0.21666666666666667 0.022916666666666665 0.012962962962962963
1 0.6721354166666667 0.21666666666666667 0.016145833333333335 0.012962962962962963
1 0.6630208333333333 0.25324074074074077 0.013541666666666667 0.010185185185185186
1 0.6888020833333334 0.2814814814814815 0.027604166666666666 0.011111111111111112
1 0.6854166666666667 0.2537037037037037 0.015625 0.009259259259259259
1 0.6859375 0.24027777777777778 0.011458333333333333 0.012037037037037037
1 0.675 0.25277777777777777 0.010416666666666666 0.009259259259259259
