0 0.8315104166666667 0.3365740740740741 0.0578125 0.10092592592592593
0 0.46484375 0.13148148148148148 0.027604166666666666 0.04814814814814815
0 0.6893229166666667 0.2657407407407407 0.0234375 0.04259259259259259
0 0.7270833333333333 0.15787037037037038 0.08125 0.032407407407407406
0 0.7270833333333333 0.18518518518518517 0.08125 0.03333333333333333
0 0.7265625 0.21203703703703702 0.08125 0.03333333333333333
0 0.7265625 0.2388888888888889 0.08125 0.03333333333333333
0 0.8346354166666666 0.22037037037037038 0.0765625 0.14444444444444443
1 0.7184895833333333 0.2310185185185185 0.0328125 0.013888888888888888
1 0.7119791666666667 0.2037037037037037 0.022916666666666665 0.014814814814814815
1 0.7161458333333334 0.21666666666666667 0.030208333333333334 0.014814814814814815
1 0.7114583333333333 0.16111111111111112 0.026041666666666668 0.016666666666666666
1 0.7143229166666667 0.2439814814814815 0.03177083333333333 0.013888888888888888
1 0.7372395833333333 0.17962962962962964 0.0265625 0.014814814814814815
1 0.7158854166666667 0.15092592592592594 0.0296875 0.016666666666666666
1 0.7125 0.17777777777777778 0.020833333333333332 0.012962962962962963
1 0.7411458333333333 0.15324074074074073 0.021875 0.01574074074074074
1 0.7080729166666667 0.1884259259259259 0.018229166666666668 0.012037037037037037
1 0.7377604166666667 0.2175925925925926 0.015104166666666667 0.012962962962962963
1 0.7252604166666666 0.19074074074074074 0.018229166666666668 0.012962962962962963
1 0.7377604166666667 0.2439814814814815 0.0140625 0.013888888888888888
