0 0.7799479166666666 0.38935185185185184 0.10260416666666666 0.18611111111111112
0 0.7921875 0.20787037037037037 0.13541666666666666 0.22685185185185186
0 0.04479166666666667 0.29074074074074074 0.06145833333333333 0.0962962962962963
1 0.03333333333333333 0.2884259259259259 0.028125 0.019444444444444445
1 0.04088541666666667 0.2601851851851852 0.016145833333333335 0.016666666666666666
1 0.040625 0.32407407407407407 0.017708333333333333 0.016666666666666666
1 0.8010416666666667 0.538425925925926 0.027083333333333334 0.03796296296296296
1 0.9010416666666666 0.5722222222222222 0.03229166666666667 0.03888888888888889
1 0.031510416666666666 0.3074074074074074 0.0203125 0.012962962962962963
1 0.80234375 0.5074074074074074 0.021354166666666667 0.03333333333333333
1 0.024739583333333332 0.324537037037037 0.009895833333333333 0.017592592592592594
