0 0.8591145833333333 0.2564814814814815 0.05677083333333333 0.11851851851851852
0 0.8625 0.13935185185185187 0.05416666666666667 0.11388888888888889
0 0.534375 0.22592592592592592 0.06979166666666667 0.1425925925925926
1 0.8625 0.13796296296296295 0.042708333333333334 0.09074074074074075
1 0.52578125 0.18472222222222223 0.0296875 0.021296296296296296
1 0.5229166666666667 0.19953703703703704 0.025 0.021296296296296296
1 0.5385416666666667 0.27546296296296297 0.025 0.019444444444444445
1 0.94453125 0.24212962962962964 0.043229166666666666 0.026851851851851852
1 0.5432291666666667 0.24305555555555555 0.0375 0.021296296296296296
1 0.5341145833333333 0.25833333333333336 0.019270833333333334 0.018518518518518517
1 0.9036458333333334 0.2337962962962963 0.042708333333333334 0.025
1 0.5247395833333334 0.2152777777777778 0.030729166666666665 0.021296296296296296
1 0.8200520833333333 0.21805555555555556 0.033854166666666664 0.030555555555555555
1 0.6291666666666667 0.31805555555555554 0.028125 0.01574074074074074
1 0.5338541666666666 0.1699074074074074 0.023958333333333335 0.021296296296296296
