0 0.81640625 0.3277777777777778 0.06927083333333334 0.12777777777777777
0 0.72265625 0.2972222222222222 0.11822916666666666 0.06296296296296296
0 0.8013020833333333 0.22824074074074074 0.1609375 0.0712962962962963
0 0.50703125 0.33240740740740743 0.0078125 0.018518518518518517
1 0.8239583333333333 0.23148148148148148 0.09166666666666666 0.046296296296296294
1 0.12239583333333333 0.3194444444444444 0.040625 0.016666666666666666
1 0.7408854166666666 0.28425925925925927 0.030729166666666665 0.020370370370370372
1 0.140625 0.33935185185185185 0.03125 0.021296296296296296
1 0.11328125 0.34444444444444444 0.024479166666666666 0.020370370370370372
1 0.73203125 0.3074074074074074 0.0421875 0.022222222222222223
1 0.7635416666666667 0.30787037037037035 0.019791666666666666 0.023148148148148147
