0 0.8260416666666667 0.3333333333333333 0.06145833333333333 0.11851851851851852
0 0.8286458333333333 0.19444444444444445 0.08958333333333333 0.1685185185185185
0 0.8221354166666667 0.47638888888888886 0.0640625 0.16944444444444445
1 0.9596354166666666 0.3037037037037037 0.07239583333333334 0.03333333333333333
1 0.9565104166666667 0.32916666666666666 0.06614583333333333 0.030555555555555555
1 0.93828125 0.21666666666666667 0.0921875 0.04814814814814815
1 0.37057291666666664 0.31296296296296294 0.024479166666666666 0.018518518518518517
1 0.04114583333333333 0.17407407407407408 0.04895833333333333 0.046296296296296294
1 0.103125 0.18981481481481483 0.040625 0.03888888888888889
1 0.055989583333333336 0.28425925925925927 0.025520833333333333 0.014814814814814815
1 0.9583333333333334 0.1814814814814815 0.06666666666666667 0.03518518518518519
1 0.0734375 0.1824074074074074 0.023958333333333335 0.03333333333333333
