0 0.7911458333333333 0.2671296296296296 0.07395833333333333 0.20277777777777778
0 0.5518229166666667 0.2810185185185185 0.0296875 0.049074074074074076
0 0.5515625 0.3143518518518518 0.03125 0.021296296296296296
0 0.1375 0.3902777777777778 0.010416666666666666 0.06388888888888888
0 0.10963541666666667 0.38981481481481484 0.009895833333333333 0.06111111111111111
0 0.16015625 0.3731481481481482 0.008854166666666666 0.05
0 0.1875 0.3726851851851852 0.008333333333333333 0.05648148148148148
0 0.22083333333333333 0.36157407407407405 0.008333333333333333 0.04722222222222222
0 0.24739583333333334 0.35324074074074074 0.00625 0.03981481481481482
0 0.24192708333333332 0.3472222222222222 0.005729166666666666 0.03518518518518519
0 0.21536458333333333 0.35509259259259257 0.0036458333333333334 0.04351851851851852
0 0.265625 0.3402777777777778 0.005208333333333333 0.032407407407407406
0 0.2716145833333333 0.3449074074074074 0.0046875 0.032407407407407406
0 0.28411458333333334 0.3384259259259259 0.0046875 0.030555555555555555
0 0.48098958333333336 0.2587962962962963 0.008854166666666666 0.01574074074074074
0 0.5072916666666667 0.27175925925925926 0.019791666666666666 0.008333333333333333
0 0.5072916666666667 0.2800925925925926 0.019791666666666666 0.008333333333333333
1 0.24036458333333333 0.2601851851851852 0.027604166666666666 0.014814814814814815
1 0.6205729166666667 0.19398148148148148 0.027604166666666666 0.019444444444444445
1 0.64453125 0.1763888888888889 0.024479166666666666 0.017592592592592594
1 0.6455729166666667 0.19537037037037036 0.025520833333333333 0.018518518518518517
1 0.6213541666666667 0.175 0.021875 0.016666666666666666
