0 0.7838541666666666 0.19537037037037036 0.11770833333333333 0.3148148148148148
0 0.3302083333333333 0.29259259259259257 0.01875 0.02962962962962963
0 0.32916666666666666 0.3236111111111111 0.01875 0.03611111111111111
0 0.5171875 0.2828703703703704 0.017708333333333333 0.030555555555555555
0 0.51796875 0.31712962962962965 0.019270833333333334 0.03981481481481482
0 0.32734375 0.3439814814814815 0.016145833333333335 0.010185185185185186
0 0.5197916666666667 0.34120370370370373 0.017708333333333333 0.010185185185185186
1 0.7854166666666667 0.30277777777777776 0.08020833333333334 0.05555555555555555
1 0.7833333333333333 0.10925925925925926 0.07395833333333333 0.05555555555555555
1 0.7838541666666666 0.16203703703703703 0.034375 0.03333333333333333
1 0.038802083333333334 0.47129629629629627 0.022395833333333334 0.014814814814814815
1 0.17942708333333332 0.5689814814814815 0.0203125 0.028703703703703703
