0 0.8911458333333333 0.2638888888888889 0.034375 0.09074074074074075
0 0.8893229166666666 0.33425925925925926 0.034895833333333334 0.040740740740740744
0 0.6903645833333333 0.4847222222222222 0.0203125 0.1287037037037037
0 0.4747395833333333 0.3106481481481482 0.05260416666666667 0.049074074074074076
0 0.5736979166666667 0.29814814814814816 0.025520833333333333 0.05
0 0.5565104166666667 0.4550925925925926 0.016145833333333335 0.10462962962962963
0 0.3640625 0.32546296296296295 0.017708333333333333 0.04351851851851852
0 0.4088541666666667 0.3199074074074074 0.027083333333333334 0.06944444444444445
0 0.4236979166666667 0.4 0.0109375 0.07592592592592592
0 0.6372395833333333 0.2953703703703704 0.015104166666666667 0.027777777777777776
0 0.19505208333333332 0.41805555555555557 0.009895833333333333 0.062037037037037036
0 0.28229166666666666 0.4185185185185185 0.0125 0.07222222222222222
0 0.43723958333333335 0.3194444444444444 0.028645833333333332 0.07222222222222222
1 0.1703125 0.35509259259259257 0.05520833333333333 0.023148148148148147
1 0.47630208333333335 0.29953703703703705 0.0359375 0.021296296296296296
1 0.46796875 0.3212962962962963 0.021354166666666667 0.022222222222222223
