0 0.8565104166666667 0.33287037037037037 0.043229166666666666 0.12129629629629629
0 0.4544270833333333 0.3074074074074074 0.0484375 0.05555555555555555
0 0.8526041666666667 0.4101851851851852 0.040625 0.04814814814814815
0 0.61796875 0.3143518518518518 0.028645833333333332 0.05462962962962963
0 0.6205729166666667 0.38287037037037036 0.018229166666666668 0.028703703703703703
1 0.35260416666666666 0.2791666666666667 0.028125 0.012037037037037037
1 0.6177083333333333 0.3143518518518518 0.026041666666666668 0.025
1 0.35234375 0.27175925925925926 0.034895833333333334 0.013888888888888888
1 0.3296875 0.2814814814814815 0.036458333333333336 0.012962962962962963
1 0.45 0.2935185185185185 0.014583333333333334 0.012962962962962963
1 0.4544270833333333 0.30787037037037035 0.024479166666666666 0.012037037037037037
1 0.3255208333333333 0.27361111111111114 0.03125 0.013888888888888888
