0 0.5588541666666667 0.06527777777777778 0.078125 0.09351851851851851
0 0.6364583333333333 0.2439814814814815 0.010416666666666666 0.023148148148148147
0 0.5015625 0.23564814814814813 0.013541666666666667 0.028703703703703703
0 0.6109375 0.3287037037037037 0.005208333333333333 0.02962962962962963
0 0.5010416666666667 0.33055555555555555 0.00625 0.02962962962962963
0 0.44947916666666665 0.06620370370370371 0.071875 0.08796296296296297
1 0.5658854166666667 0.04675925925925926 0.05260416666666667 0.028703703703703703
1 0.43802083333333336 0.06296296296296296 0.034375 0.020370370370370372
1 0.44817708333333334 0.040740740740740744 0.043229166666666666 0.022222222222222223
1 0.46875 0.062037037037037036 0.020833333333333332 0.022222222222222223
