0 0.7 0.11157407407407408 0.03229166666666667 0.058333333333333334
0 0.6143229166666667 0.05092592592592592 0.12239583333333333 0.08888888888888889
0 0.4890625 0.050462962962962966 0.12083333333333333 0.08796296296296297
1 0.8979166666666667 0.20601851851851852 0.03958333333333333 0.041666666666666664
1 0.9013020833333333 0.24583333333333332 0.03697916666666667 0.03425925925925926
1 0.6294270833333333 0.033796296296296297 0.059895833333333336 0.03425925925925926
1 0.5028645833333333 0.030555555555555555 0.07135416666666666 0.02962962962962963
1 0.6252604166666667 0.06527777777777778 0.05572916666666667 0.032407407407407406
1 0.4942708333333333 0.06296296296296296 0.052083333333333336 0.02962962962962963
1 0.01796875 0.27037037037037037 0.030729166666666665 0.018518518518518517
1 0.9057291666666667 0.22546296296296298 0.023958333333333335 0.026851851851851852
1 0.07942708333333333 0.2708333333333333 0.030729166666666665 0.021296296296296296
1 0.02109375 0.2828703703703704 0.024479166666666666 0.012037037037037037
1 0.05416666666666667 0.27314814814814814 0.01875 0.016666666666666666
1 0.8903645833333333 0.2337962962962963 0.0171875 0.019444444444444445
