0 0.8111979166666666 0.41064814814814815 0.08489583333333334 0.14722222222222223
0 0.8151041666666666 0.3037037037037037 0.07916666666666666 0.07592592592592592
0 0.8190104166666666 0.19768518518518519 0.0796875 0.1398148148148148
0 0.15911458333333334 0.40185185185185185 0.022395833333333334 0.03518518518518519
0 0.19791666666666666 0.30462962962962964 0.057291666666666664 0.02962962962962963
0 0.20052083333333334 0.2759259259259259 0.020833333333333332 0.025925925925925925
0 0.20130208333333333 0.25092592592592594 0.022395833333333334 0.027777777777777776
0 0.19661458333333334 0.22407407407407406 0.024479166666666666 0.027777777777777776
1 0.82265625 0.19907407407407407 0.0734375 0.07037037037037037
1 0.815625 0.28935185185185186 0.035416666666666666 0.025
1 0.19244791666666666 0.30277777777777776 0.0296875 0.020370370370370372
1 0.8088541666666667 0.31805555555555554 0.016666666666666666 0.023148148148148147
1 0.8229166666666666 0.3212962962962963 0.014583333333333334 0.024074074074074074
