0 0.7817708333333333 0.39490740740740743 0.05 0.1398148148148148
1 0.5723958333333333 0.33425925925925926 0.05 0.027777777777777776
1 0.5752604166666667 0.2449074074074074 0.04010416666666667 0.021296296296296296
1 0.5765625 0.2722222222222222 0.03229166666666667 0.025925925925925925
1 0.0890625 0.25925925925925924 0.016666666666666666 0.10925925925925926
1 0.5635416666666667 0.3680555555555556 0.0125 0.017592592592592594
1 0.5557291666666667 0.3527777777777778 0.017708333333333333 0.020370370370370372
1 0.55234375 0.3680555555555556 0.011979166666666667 0.01574074074074074
1 0.63125 0.2814814814814815 0.03229166666666667 0.012962962962962963
1 0.5546875 0.27314814814814814 0.0125 0.02962962962962963
