0 0.8510416666666667 0.4009259259259259 0.05416666666666667 0.053703703703703705
0 0.9041666666666667 0.31805555555555554 0.052083333333333336 0.1398148148148148
0 0.89921875 0.40694444444444444 0.0484375 0.05092592592592592
1 0.7291666666666666 0.125 0.05625 0.014814814814814815
1 0.67265625 0.12175925925925926 0.04114583333333333 0.01574074074074074
1 0.8994791666666667 0.40555555555555556 0.03854166666666667 0.025925925925925925
1 0.8510416666666667 0.40046296296296297 0.046875 0.032407407407407406
1 0.8859375 0.4412037037037037 0.017708333333333333 0.017592592592592594
1 0.6674479166666667 0.1439814814814815 0.034895833333333334 0.01574074074074074
1 0.70546875 0.14444444444444443 0.027604166666666666 0.016666666666666666
1 0.13541666666666666 0.37037037037037035 0.010416666666666666 0.06851851851851852
1 0.69375 0.12361111111111112 0.019791666666666666 0.012037037037037037
