0 0.975 0.19722222222222222 0.0375 0.06296296296296296
0 0.45390625 0.11574074074074074 0.0734375 0.05925925925925926
0 0.53515625 0.19166666666666668 0.028645833333333332 0.05185185185185185
0 0.3736979166666667 0.11805555555555555 0.0734375 0.06018518518518518
0 0.6578125 0.05 0.109375 0.1
0 0.8229166666666666 0.04675925925925926 0.11875 0.09351851851851851
1 0.8158854166666667 0.0587962962962963 0.0609375 0.026851851851851852
1 0.65 0.06944444444444445 0.05625 0.024074074074074074
1 0.7921875 0.026851851851851852 0.046875 0.025925925925925925
1 0.63046875 0.03935185185185185 0.044270833333333336 0.028703703703703703
1 0.3807291666666667 0.12731481481481483 0.03229166666666667 0.021296296296296296
1 0.38359375 0.10694444444444444 0.03802083333333333 0.021296296296296296
1 0.6346354166666667 0.013425925925925926 0.0515625 0.028703703703703703
1 0.28619791666666666 0.324537037037037 0.025520833333333333 0.021296296296296296
1 0.44296875 0.11481481481481481 0.022395833333333334 0.020370370370370372
1 0.6716145833333333 0.0125 0.019270833333333334 0.023148148148148147
