0 0.5934895833333333 0.325 0.0203125 0.053703703703703705
0 0.8260416666666667 0.16203703703703703 0.08333333333333333 0.027777777777777776
1 0.8197916666666667 0.16018518518518518 0.04479166666666667 0.016666666666666666
1 0.8213541666666667 0.36203703703703705 0.04479166666666667 0.018518518518518517
1 0.8296875 0.33564814814814814 0.04375 0.017592592592592594
1 0.72265625 0.38101851851851853 0.044270833333333336 0.025
1 0.828125 0.24212962962962964 0.042708333333333334 0.01574074074074074
1 0.72109375 0.2574074074074074 0.0421875 0.020370370370370372
1 0.8059895833333334 0.38564814814814813 0.0328125 0.017592592592592594
1 0.8028645833333333 0.31342592592592594 0.0328125 0.01574074074074074
1 0.7927083333333333 0.21666666666666667 0.016666666666666666 0.012962962962962963
1 0.8161458333333333 0.18055555555555555 0.036458333333333336 0.012962962962962963
1 0.7986979166666667 0.2601851851851852 0.0234375 0.014814814814814815
1 0.8372395833333334 0.3138888888888889 0.027604166666666666 0.016666666666666666
1 0.7216145833333333 0.30925925925925923 0.022395833333333334 0.016666666666666666
1 0.7432291666666667 0.30925925925925923 0.019791666666666666 0.014814814814814815
1 0.84140625 0.1814814814814815 0.0234375 0.012962962962962963
1 0.79375 0.23703703703703705 0.015625 0.016666666666666666
1 0.8231770833333333 0.2601851851851852 0.018229166666666668 0.014814814814814815
