0 0.8252604166666667 0.32037037037037036 0.08697916666666666 0.17222222222222222
0 0.6057291666666667 0.29583333333333334 0.036458333333333336 0.06574074074074074
1 0.04296875 0.46944444444444444 0.0796875 0.06666666666666667
1 0.6963541666666667 0.1587962962962963 0.071875 0.032407407407407406
1 0.048177083333333336 0.09861111111111111 0.07447916666666667 0.075
1 0.115625 0.12314814814814815 0.06666666666666667 0.06481481481481481
1 0.025260416666666667 0.30462962962962964 0.03697916666666667 0.025925925925925925
1 0.0265625 0.2412037037037037 0.035416666666666666 0.041666666666666664
1 0.040625 0.3907407407407407 0.022916666666666665 0.027777777777777776
1 0.8260416666666667 0.337037037037037 0.040625 0.07407407407407407
1 0.9625 0.08009259259259259 0.03229166666666667 0.04351851851851852
1 0.07083333333333333 0.2791666666666667 0.020833333333333332 0.019444444444444445
1 0.04192708333333333 0.2777777777777778 0.0328125 0.020370370370370372
1 0.01484375 0.2777777777777778 0.0234375 0.022222222222222223
