0 0.8151041666666666 0.2518518518518518 0.08541666666666667 0.24814814814814815
0 0.5364583333333334 0.2828703703703704 0.020833333333333332 0.03796296296296296
0 0.53359375 0.31805555555555554 0.022395833333333334 0.03981481481481482
0 0.5140625 0.2824074074074074 0.027083333333333334 0.037037037037037035
1 0.8138020833333334 0.33194444444444443 0.05364583333333333 0.049074074074074076
1 0.8166666666666667 0.19305555555555556 0.052083333333333336 0.04722222222222222
1 0.6177083333333333 0.2564814814814815 0.059375 0.044444444444444446
1 0.81640625 0.2324074074074074 0.0265625 0.02962962962962963
1 0.9252604166666667 0.27685185185185185 0.016145833333333335 0.012962962962962963
1 0.6268229166666667 0.28935185185185186 0.021354166666666667 0.017592592592592594
