0 0.7940104166666667 0.37407407407407406 0.08177083333333333 0.14629629629629629
0 0.7981770833333334 0.20046296296296295 0.10885416666666667 0.2101851851851852
0 0.3411458333333333 0.2972222222222222 0.059375 0.040740740740740744
0 0.34140625 0.2574074074074074 0.058854166666666666 0.04259259259259259
0 0.9421875 0.31203703703703706 0.015625 0.03148148148148148
1 0.15182291666666667 0.25324074074074077 0.0703125 0.03611111111111111
1 0.3385416666666667 0.2898148148148148 0.022916666666666665 0.018518518518518517
1 0.13489583333333333 0.3560185185185185 0.016666666666666666 0.01574074074074074
1 0.3390625 0.2652777777777778 0.020833333333333332 0.017592592592592594
1 0.3296875 0.30694444444444446 0.025 0.019444444444444445
1 0.32916666666666666 0.24861111111111112 0.019791666666666666 0.017592592592592594
1 0.3497395833333333 0.3055555555555556 0.0171875 0.018518518518518517
1 0.3494791666666667 0.24953703703703703 0.015625 0.017592592592592594
1 0.13697916666666668 0.3212962962962963 0.03333333333333333 0.012962962962962963
1 0.13541666666666666 0.30787037037037035 0.03958333333333333 0.013888888888888888
