0 0.75703125 0.4375 0.08697916666666666 0.075
0 0.7627604166666667 0.24305555555555555 0.0890625 0.16574074074074074
0 0.53203125 0.30972222222222223 0.03177083333333333 0.05092592592592592
0 0.7596354166666667 0.362962962962963 0.09010416666666667 0.08888888888888889
1 0.10651041666666666 0.25324074074074077 0.028645833333333332 0.021296296296296296
1 0.16458333333333333 0.3527777777777778 0.03333333333333333 0.014814814814814815
1 0.7583333333333333 0.4236111111111111 0.023958333333333335 0.026851851851851852
1 0.7611979166666667 0.3486111111111111 0.025520833333333333 0.026851851851851852
1 0.77421875 0.37824074074074077 0.034895833333333334 0.028703703703703703
1 0.7440104166666667 0.37546296296296294 0.03177083333333333 0.028703703703703703
1 0.18958333333333333 0.34953703703703703 0.014583333333333334 0.013888888888888888
