0 0.52109375 0.27037037037037037 0.027604166666666666 0.025925925925925925
0 0.47317708333333336 0.23842592592592593 0.011979166666666667 0.017592592592592594
0 0.8151041666666666 0.27361111111111114 0.05625 0.03796296296296296
1 0.8973958333333333 0.08055555555555556 0.09791666666666667 0.044444444444444446
1 0.9518229166666666 0.3398148148148148 0.0890625 0.05740740740740741
1 0.8796875 0.21296296296296297 0.06875 0.04814814814814815
1 0.94765625 0.3037037037037037 0.0703125 0.040740740740740744
1 0.8802083333333334 0.1685185185185185 0.06979166666666667 0.053703703703703705
1 0.65703125 0.046296296296296294 0.028645833333333332 0.018518518518518517
1 0.9135416666666667 0.4115740740740741 0.04583333333333333 0.017592592592592594
1 0.9127604166666666 0.10601851851851851 0.03802083333333333 0.021296296296296296
1 0.9611979166666667 0.39490740740740743 0.0390625 0.017592592592592594
1 0.86171875 0.0962962962962963 0.0390625 0.022222222222222223
1 0.9354166666666667 0.37222222222222223 0.03333333333333333 0.018518518518518517
1 0.9033854166666667 0.36898148148148147 0.022395833333333334 0.01574074074074074
1 0.9026041666666667 0.38935185185185184 0.022916666666666665 0.017592592592592594
1 0.87734375 0.4263888888888889 0.013020833333333334 0.013888888888888888
1 0.9572916666666667 0.4162037037037037 0.03854166666666667 0.017592592592592594
1 0.9622395833333334 0.37546296296296294 0.018229166666666668 0.01574074074074074
1 0.9317708333333333 0.3925925925925926 0.017708333333333333 0.014814814814814815
1 0.93046875 0.1712962962962963 0.028645833333333332 0.016666666666666666
1 0.9197916666666667 0.39166666666666666 0.013541666666666667 0.014814814814814815
1 0.8893229166666666 0.10185185185185185 0.016145833333333335 0.018518518518518517
