0 0.8684895833333334 0.32037037037037036 0.03802083333333333 0.10740740740740741
0 0.4825520833333333 0.24583333333333332 0.022395833333333334 0.017592592592592594
0 0.5057291666666667 0.24583333333333332 0.021875 0.01574074074074074
0 0.528125 0.24583333333333332 0.021875 0.013888888888888888
0 0.575 0.23935185185185184 0.022916666666666665 0.019444444444444445
1 0.7348958333333333 0.25046296296296294 0.06666666666666667 0.03796296296296296
1 0.7979166666666667 0.050462962962962966 0.051041666666666666 0.05462962962962963
1 0.7338541666666667 0.27175925925925926 0.042708333333333334 0.021296296296296296
1 0.93125 0.2861111111111111 0.052083333333333336 0.020370370370370372
1 0.8671875 0.35324074074074074 0.01875 0.019444444444444445
1 0.8682291666666667 0.28888888888888886 0.021875 0.020370370370370372
1 0.8671875 0.30462962962962964 0.019791666666666666 0.014814814814814815
1 0.6583333333333333 0.058333333333333334 0.025 0.014814814814814815
