0 0.5768229166666666 0.3625 0.016145833333333335 0.06574074074074074
0 0.5786458333333333 0.3 0.010416666666666666 0.05555555555555555
0 0.46067708333333335 0.2675925925925926 0.07864583333333333 0.12777777777777777
0 0.45729166666666665 0.3453703703703704 0.078125 0.03148148148148148
0 0.13958333333333334 0.24814814814814815 0.034375 0.08518518518518518
1 0.46328125 0.3449074074074074 0.044270833333333336 0.025
1 0.4393229166666667 0.2912037037037037 0.027604166666666666 0.017592592592592594
1 0.44296875 0.25462962962962965 0.030729166666666665 0.016666666666666666
1 0.44140625 0.2722222222222222 0.03177083333333333 0.018518518518518517
1 0.4473958333333333 0.2212962962962963 0.03229166666666667 0.016666666666666666
1 0.43854166666666666 0.23796296296296296 0.025 0.016666666666666666
1 0.47630208333333335 0.31666666666666665 0.025520833333333333 0.018518518518518517
1 0.45234375 0.37592592592592594 0.021354166666666667 0.014814814814814815
1 0.446875 0.3162037037037037 0.019791666666666666 0.017592592592592594
1 0.4708333333333333 0.3763888888888889 0.01875 0.013888888888888888
