0 0.825 0.2962962962962963 0.025 0.044444444444444446
0 0.36041666666666666 0.32916666666666666 0.036458333333333336 0.021296296296296296
0 0.8244791666666667 0.25046296296296294 0.025 0.049074074074074076
0 0.8255208333333334 0.3287037037037037 0.025 0.020370370370370372
0 0.8549479166666667 0.33101851851851855 0.04635416666666667 0.049074074074074076
0 0.14609375 0.2689814814814815 0.008854166666666666 0.03425925925925926
0 0.14713541666666666 0.30324074074074076 0.005729166666666666 0.026851851851851852
1 0.8541666666666666 0.32222222222222224 0.036458333333333336 0.018518518518518517
1 0.2796875 0.12546296296296297 0.03854166666666667 0.021296296296296296
1 0.35442708333333334 0.3282407407407407 0.024479166666666666 0.017592592592592594
1 0.4671875 0.26851851851851855 0.01875 0.018518518518518517
1 0.48541666666666666 0.26944444444444443 0.017708333333333333 0.020370370370370372
1 0.13828125 0.13148148148148148 0.027604166666666666 0.02962962962962963
1 0.48046875 0.16805555555555557 0.025520833333333333 0.021296296296296296
