0 0.8203125 0.3074074074074074 0.065625 0.1259259259259259
0 0.5557291666666667 0.3087962962962963 0.013541666666666667 0.025
0 0.21848958333333332 0.3416666666666667 0.0067708333333333336 0.03888888888888889
0 0.5890625 0.29074074074074074 0.04791666666666667 0.06666666666666667
0 0.1609375 0.27870370370370373 0.017708333333333333 0.03518518518518519
0 0.82265625 0.17037037037037037 0.0890625 0.1685185185185185
1 0.5919270833333333 0.2712962962962963 0.028645833333333332 0.016666666666666666
1 0.58359375 0.2916666666666667 0.0296875 0.014814814814814815
1 0.5802083333333333 0.30787037037037035 0.023958333333333335 0.01574074074074074
1 0.22838541666666667 0.2953703703703704 0.024479166666666666 0.014814814814814815
1 0.061197916666666664 0.30925925925925923 0.0203125 0.016666666666666666
