0 0.6513020833333333 0.3662037037037037 0.058854166666666666 0.14351851851851852
0 0.36171875 0.29907407407407405 0.011979166666666667 0.024074074074074074
0 0.58828125 0.3976851851851852 0.06927083333333334 0.125
0 0.31875 0.3212962962962963 0.00625 0.016666666666666666
0 0.31302083333333336 0.3263888888888889 0.004166666666666667 0.028703703703703703
0 0.3229166666666667 0.3277777777777778 0.004166666666666667 0.02962962962962963
0 0.33932291666666664 0.32037037037037036 0.0036458333333333334 0.024074074074074074
1 0.646875 0.39351851851851855 0.036458333333333336 0.018518518518518517
1 0.6463541666666667 0.40694444444444444 0.023958333333333335 0.017592592592592594
1 0.6481770833333333 0.4217592592592593 0.0171875 0.01574074074074074
