0 0.8296875 0.3333333333333333 0.07708333333333334 0.2037037037037037
0 0.8229166666666666 0.46435185185185185 0.07395833333333333 0.075
0 0.8184895833333333 0.5333333333333333 0.0453125 0.07037037037037037
1 0.08359375 0.17731481481481481 0.0578125 0.03796296296296296
1 0.8278645833333333 0.5504629629629629 0.021354166666666667 0.032407407407407406
1 0.8291666666666667 0.4615740740740741 0.016666666666666666 0.021296296296296296
1 0.8276041666666667 0.48518518518518516 0.010416666666666666 0.020370370370370372
1 0.5559895833333334 0.5074074074074074 0.034895833333333334 0.020370370370370372
1 0.9684895833333333 0.32592592592592595 0.06197916666666667 0.04814814814814815
1 0.8380208333333333 0.24675925925925926 0.026041666666666668 0.019444444444444445
