0 0.7940104166666667 0.27546296296296297 0.08177083333333333 0.21388888888888888
0 0.7888020833333333 0.41759259259259257 0.07864583333333333 0.08888888888888889
0 0.5479166666666667 0.31851851851851853 0.046875 0.03518518518518519
0 0.4440104166666667 0.29444444444444445 0.0078125 0.012962962962962963
1 0.79453125 0.3282407407407407 0.0578125 0.028703703703703703
1 0.790625 0.3962962962962963 0.046875 0.020370370370370372
1 0.7927083333333333 0.35694444444444445 0.0375 0.025
1 0.5489583333333333 0.3175925925925926 0.030208333333333334 0.020370370370370372
1 0.7802083333333333 0.4152777777777778 0.04895833333333333 0.023148148148148147
1 0.8096354166666667 0.41805555555555557 0.033854166666666664 0.021296296296296296
1 0.78828125 0.43796296296296294 0.025520833333333333 0.020370370370370372
