0 0.34453125 0.2125 0.0296875 0.03425925925925926
0 0.3450520833333333 0.24305555555555555 0.024479166666666666 0.032407407407407406
0 0.2109375 0.19722222222222222 0.05625 0.044444444444444446
0 0.20911458333333333 0.22314814814814815 0.05572916666666667 0.046296296296296294
0 0.2140625 0.16064814814814815 0.059375 0.062037037037037036
1 0.21510416666666668 0.1962962962962963 0.03958333333333333 0.03333333333333333
1 0.21744791666666666 0.15138888888888888 0.0390625 0.030555555555555555
1 0.20885416666666667 0.21944444444444444 0.030208333333333334 0.03148148148148148
1 0.22578125 0.1726851851851852 0.027604166666666666 0.026851851851851852
1 0.20651041666666667 0.16574074074074074 0.016145833333333335 0.020370370370370372
