0 0.7856770833333333 0.45092592592592595 0.08697916666666666 0.15925925925925927
0 0.4080729166666667 0.32546296296296295 0.0078125 0.01574074074074074
0 0.7903645833333334 0.26666666666666666 0.12135416666666667 0.2222222222222222
0 0.30052083333333335 0.35648148148148145 0.016666666666666666 0.02962962962962963
0 0.5736979166666667 0.2962962962962963 0.016145833333333335 0.025925925925925925
0 0.5520833333333334 0.3175925925925926 0.053125 0.018518518518518517
0 0.5526041666666667 0.33564814814814814 0.051041666666666666 0.019444444444444445
0 0.5643229166666667 0.35462962962962963 0.033854166666666664 0.018518518518518517
1 0.5677083333333334 0.3347222222222222 0.017708333333333333 0.01574074074074074
1 0.5671875 0.31712962962962965 0.013541666666666667 0.01574074074074074
1 0.5484375 0.31712962962962965 0.016666666666666666 0.01574074074074074
1 0.5692708333333333 0.3541666666666667 0.01875 0.013888888888888888
