0 0.7286458333333333 0.38333333333333336 0.09583333333333334 0.18518518518518517
1 0.23359375 0.10231481481481482 0.1015625 0.10648148148148148
1 0.32916666666666666 0.24074074074074073 0.06458333333333334 0.10555555555555556
1 0.29140625 0.14675925925925926 0.043229166666666666 0.05648148148148148
1 0.03854166666666667 0.4 0.03229166666666667 0.02962962962962963
1 0.05546875 0.2388888888888889 0.0796875 0.044444444444444446
1 0.16484375 0.4842592592592593 0.025520833333333333 0.03148148148148148
1 0.0359375 0.33796296296296297 0.03229166666666667 0.03333333333333333
1 0.03697916666666667 0.3680555555555556 0.03333333333333333 0.032407407407407406
1 0.06927083333333334 0.33796296296296297 0.029166666666666667 0.02962962962962963
1 0.07083333333333333 0.3675925925925926 0.03229166666666667 0.03148148148148148
