0 0.8205729166666667 0.30185185185185187 0.05260416666666667 0.14814814814814814
1 0.6421875 0.18101851851851852 0.046875 0.01574074074074074
1 0.07057291666666667 0.36898148148148147 0.0390625 0.021296296296296296
1 0.821875 0.35 0.03125 0.014814814814814815
1 0.8213541666666667 0.33194444444444443 0.03125 0.01574074074074074
1 0.1703125 0.3125 0.036458333333333336 0.023148148148148147
1 0.640625 0.23657407407407408 0.023958333333333335 0.019444444444444445
1 0.20989583333333334 0.3101851851851852 0.034375 0.022222222222222223
1 0.6393229166666666 0.2550925925925926 0.0171875 0.01574074074074074
1 0.63984375 0.27685185185185185 0.016145833333333335 0.014814814814814815
