0 0.8260416666666667 0.2324074074074074 0.05416666666666667 0.10555555555555556
0 0.621875 0.2337962962962963 0.09791666666666667 0.08981481481481482
0 0.53359375 0.28703703703703703 0.008854166666666666 0.014814814814814815
1 0.6247395833333333 0.20046296296296295 0.027604166666666666 0.013888888888888888
1 0.6729166666666667 0.025 0.03125 0.014814814814814815
1 0.6669270833333333 0.009259259259259259 0.024479166666666666 0.018518518518518517
1 0.6416666666666667 0.22824074074074074 0.01875 0.01574074074074074
1 0.6825520833333333 0.009259259259259259 0.018229166666666668 0.020370370370370372
1 0.6984375 0.011574074074074073 0.016666666666666666 0.019444444444444445
1 0.6572916666666667 0.22870370370370371 0.014583333333333334 0.014814814814814815
