0 0.7807291666666667 0.32546296296296295 0.07083333333333333 0.06759259259259259
0 0.5872395833333334 0.4134259259259259 0.022395833333333334 0.03425925925925926
0 0.7833333333333333 0.2273148148148148 0.07395833333333333 0.14537037037037037
1 0.6739583333333333 0.25416666666666665 0.059375 0.028703703703703703
1 0.9197916666666667 0.3037037037037037 0.027083333333333334 0.022222222222222223
1 0.6645833333333333 0.2828703703703704 0.0375 0.017592592592592594
1 0.66796875 0.27175925925925926 0.0421875 0.01574074074074074
1 0.90390625 0.32037037037037036 0.034895833333333334 0.022222222222222223
1 0.9361979166666666 0.32175925925925924 0.03177083333333333 0.021296296296296296
1 0.6932291666666667 0.2824074074074074 0.014583333333333334 0.012962962962962963
1 0.68984375 0.27361111111111114 0.0203125 0.013888888888888888
