0 0.79296875 0.20092592592592592 0.07760416666666667 0.21481481481481482
0 0.7888020833333333 0.37407407407407406 0.07552083333333333 0.13703703703703704
1 0.7940104166666667 0.2439814814814815 0.06302083333333333 0.030555555555555555
1 0.790625 0.37592592592592594 0.0625 0.08888888888888889
1 0.6408854166666667 0.2916666666666667 0.06510416666666667 0.03148148148148148
1 0.6380208333333334 0.3162037037037037 0.04479166666666667 0.025
1 0.6341145833333334 0.3453703703703704 0.0359375 0.020370370370370372
1 0.7924479166666667 0.27037037037037037 0.04114583333333333 0.024074074074074074
1 0.64609375 0.2657407407407407 0.021354166666666667 0.016666666666666666
1 0.6328125 0.2657407407407407 0.020833333333333332 0.014814814814814815
