0 0.7671875 0.29305555555555557 0.14895833333333333 0.049074074074074076
0 0.7666666666666667 0.34305555555555556 0.14895833333333333 0.05092592592592592
0 0.7661458333333333 0.39351851851851855 0.14791666666666667 0.05
1 0.7815104166666667 0.44814814814814813 0.059895833333333336 0.024074074074074074
1 0.7276041666666667 0.3300925925925926 0.059375 0.025
1 0.7877604166666666 0.3300925925925926 0.06197916666666667 0.023148148148148147
1 0.775 0.3773148148148148 0.05 0.017592592592592594
1 0.790625 0.28425925925925927 0.03229166666666667 0.014814814814814815
1 0.771875 0.4300925925925926 0.052083333333333336 0.017592592592592594
1 0.6575520833333334 0.29583333333333334 0.05364583333333333 0.019444444444444445
1 0.7325520833333333 0.29907407407407405 0.05677083333333333 0.02962962962962963
1 0.80703125 0.4287037037037037 0.030729166666666665 0.016666666666666666
1 0.746875 0.41064814814814815 0.014583333333333334 0.012037037037037037
1 0.5229166666666667 0.2884259259259259 0.020833333333333332 0.012037037037037037
1 0.6856770833333333 0.2912037037037037 0.015104166666666667 0.01574074074074074
1 0.7486979166666666 0.37592592592592594 0.0390625 0.025925925925925925
