0 0.83203125 0.20601851851851852 0.08385416666666666 0.22870370370370371
0 0.8515625 0.5060185185185185 0.040625 0.062037037037037036
0 0.5408854166666667 0.3425925925925926 0.0109375 0.020370370370370372
0 0.58359375 0.32083333333333336 0.0640625 0.03425925925925926
0 0.7010416666666667 0.33055555555555555 0.023958333333333335 0.04259259259259259
0 0.8294270833333334 0.37083333333333335 0.08802083333333334 0.10833333333333334
0 0.92109375 0.337037037037037 0.015104166666666667 0.03333333333333333
0 0.47265625 0.22407407407407406 0.0203125 0.03148148148148148
0 0.4901041666666667 0.22268518518518518 0.010416666666666666 0.028703703703703703
0 0.5268229166666667 0.24259259259259258 0.0265625 0.04259259259259259
1 0.10494791666666667 0.2675925925925926 0.049479166666666664 0.022222222222222223
1 0.81171875 0.3365740740740741 0.03802083333333333 0.017592592592592594
1 0.5744791666666667 0.3125 0.03229166666666667 0.01574074074074074
1 0.5755208333333334 0.32546296296296295 0.035416666666666666 0.01574074074074074
1 0.10052083333333334 0.3138888888888889 0.029166666666666667 0.014814814814814815
1 0.8421875 0.36898148148148147 0.021875 0.013888888888888888
1 0.59375 0.2972222222222222 0.022916666666666665 0.011111111111111112
1 0.5184895833333333 0.2523148148148148 0.009895833333333333 0.01574074074074074
