0 0.07760416666666667 0.40046296296296297 0.051041666666666666 0.09351851851851851
0 0.41875 0.3175925925925926 0.016666666666666666 0.02962962962962963
0 0.07890625 0.5226851851851851 0.028645833333333332 0.15092592592592594
1 0.45078125 0.375 0.034895833333333334 0.016666666666666666
1 0.7692708333333333 0.38981481481481484 0.025 0.016666666666666666
1 0.8848958333333333 0.4425925925925926 0.06041666666666667 0.05555555555555555
1 0.428125 0.45601851851851855 0.021875 0.010185185185185186
1 0.5661458333333333 0.2726851851851852 0.030208333333333334 0.017592592592592594
1 0.03125 0.020370370370370372 0.027083333333333334 0.016666666666666666
1 0.54140625 0.2671296296296296 0.021354166666666667 0.019444444444444445
1 0.6942708333333333 0.4236111111111111 0.11145833333333334 0.0712962962962963
1 0.5486979166666667 0.2902777777777778 0.018229166666666668 0.017592592592592594
1 0.009114583333333334 0.016666666666666666 0.018229166666666668 0.014814814814814815
1 0.5630208333333333 0.2935185185185185 0.013541666666666667 0.016666666666666666
1 0.5856770833333333 0.27546296296296297 0.0140625 0.01574074074074074
