0 0.7697916666666667 0.05648148148148148 0.12604166666666666 0.07592592592592592
0 0.7682291666666666 0.10046296296296296 0.125 0.07314814814814814
0 0.7630208333333334 0.2337962962962963 0.125 0.06759259259259259
0 0.76640625 0.14537037037037037 0.12447916666666667 0.07222222222222222
0 0.7651041666666667 0.18888888888888888 0.125 0.07037037037037037
1 0.7557291666666667 0.05416666666666667 0.05416666666666667 0.03611111111111111
1 0.5619791666666667 0.27546296296296297 0.058333333333333334 0.023148148148148147
1 0.7424479166666667 0.13796296296296295 0.033854166666666664 0.03148148148148148
1 0.7489583333333333 0.2884259259259259 0.058333333333333334 0.028703703703703703
1 0.7471354166666667 0.22037037037037038 0.04739583333333333 0.03148148148148148
1 0.7479166666666667 0.08333333333333333 0.03958333333333333 0.02962962962962963
1 0.7450520833333333 0.10277777777777777 0.034895833333333334 0.025925925925925925
1 0.7424479166666667 0.18333333333333332 0.03697916666666667 0.03148148148148148
1 0.7747395833333334 0.19166666666666668 0.03177083333333333 0.025925925925925925
1 0.7888020833333333 0.23055555555555557 0.0328125 0.025925925925925925
1 0.7848958333333333 0.09444444444444444 0.0375 0.027777777777777776
1 0.7372395833333333 0.2375 0.028645833333333332 0.023148148148148147
1 0.7651041666666667 0.24259259259259258 0.028125 0.022222222222222223
