0 0.9135416666666667 0.08009259259259259 0.08020833333333334 0.11944444444444445
1 0.48125 0.1037037037037037 0.10729166666666666 0.037037037037037035
1 0.49270833333333336 0.1884259259259259 0.06354166666666666 0.023148148148148147
1 0.52265625 0.13194444444444445 0.028645833333333332 0.01574074074074074
1 0.5442708333333334 0.16944444444444445 0.036458333333333336 0.022222222222222223
1 0.4765625 0.1699074074074074 0.040625 0.021296296296296296
1 0.5481770833333334 0.13148148148148148 0.0234375 0.016666666666666666
1 0.53828125 0.18796296296296297 0.030729166666666665 0.018518518518518517
1 0.38385416666666666 0.03888888888888889 0.014583333333333334 0.018518518518518517
1 0.5078125 0.16898148148148148 0.036458333333333336 0.021296296296296296
