0 0.8338541666666667 0.3523148148148148 0.06145833333333333 0.11203703703703703
0 0.7127604166666667 0.24305555555555555 0.021354166666666667 0.03796296296296296
0 0.825 0.24722222222222223 0.021875 0.09814814814814815
0 0.68046875 0.27870370370370373 0.011979166666666667 0.027777777777777776
1 0.8828125 0.09212962962962963 0.022916666666666665 0.03981481481481482
1 0.97890625 0.35648148148148145 0.04010416666666667 0.020370370370370372
1 0.78671875 0.2708333333333333 0.0265625 0.019444444444444445
1 0.7911458333333333 0.2898148148148148 0.022916666666666665 0.018518518518518517
1 0.87109375 0.32037037037037036 0.018229166666666668 0.016666666666666666
1 0.8083333333333333 0.2912037037037037 0.019791666666666666 0.019444444444444445
1 0.8088541666666667 0.2722222222222222 0.017708333333333333 0.018518518518518517
1 0.790625 0.3351851851851852 0.025 0.040740740740740744
