0 0.64609375 0.23333333333333334 0.1015625 0.03518518518518519
0 0.6447916666666667 0.09722222222222222 0.10104166666666667 0.03333333333333333
0 0.6442708333333333 0.06435185185185185 0.10208333333333333 0.03425925925925926
0 0.6440104166666667 0.031018518518518518 0.1015625 0.03425925925925926
0 0.64609375 0.1986111111111111 0.1015625 0.032407407407407406
0 0.6455729166666667 0.13148148148148148 0.1015625 0.03333333333333333
0 0.6458333333333334 0.1638888888888889 0.10104166666666667 0.03333333333333333
1 0.625 0.062037037037037036 0.030208333333333334 0.020370370370370372
1 0.62109375 0.02962962962962963 0.022395833333333334 0.018518518518518517
1 0.6346354166666667 0.23703703703703705 0.0421875 0.016666666666666666
1 0.45364583333333336 0.20972222222222223 0.053125 0.028703703703703703
1 0.6229166666666667 0.1699074074074074 0.022916666666666665 0.01574074074074074
1 0.62109375 0.22361111111111112 0.0203125 0.017592592592592594
1 0.6234375 0.20324074074074075 0.021875 0.017592592592592594
1 0.5658854166666667 0.1300925925925926 0.0328125 0.013888888888888888
1 0.6580729166666667 0.08981481481481482 0.030729166666666665 0.016666666666666666
1 0.62578125 0.08842592592592592 0.028645833333333332 0.017592592592592594
1 0.62734375 0.18935185185185185 0.0296875 0.019444444444444445
1 0.6260416666666667 0.15555555555555556 0.027083333333333334 0.016666666666666666
1 0.6536458333333334 0.15601851851851853 0.026041666666666668 0.01574074074074074
1 0.6447916666666667 0.12962962962962962 0.027083333333333334 0.018518518518518517
1 0.6546875 0.19074074074074074 0.021875 0.014814814814814815
1 0.6213541666666667 0.10277777777777777 0.01875 0.014814814814814815
1 0.6427083333333333 0.10462962962962963 0.019791666666666666 0.014814814814814815
1 0.66796875 0.2375 0.021354166666666667 0.017592592592592594
1 0.3953125 0.21064814814814814 0.03333333333333333 0.01574074074074074
1 0.6203125 0.12916666666666668 0.01875 0.019444444444444445
