0 0.6432291666666666 0.10416666666666667 0.09375 0.03611111111111111
0 0.37395833333333334 0.11712962962962963 0.071875 0.1361111111111111
0 0.459375 0.1125 0.09895833333333333 0.1398148148148148
0 0.64296875 0.07407407407407407 0.09427083333333333 0.037037037037037035
0 0.6434895833333333 0.13425925925925927 0.09427083333333333 0.03333333333333333
0 0.64375 0.1648148148148148 0.09375 0.03518518518518519
0 0.6440104166666667 0.19537037037037036 0.09322916666666667 0.03333333333333333
0 0.44140625 0.31527777777777777 0.0046875 0.021296296296296296
0 0.45234375 0.28379629629629627 0.005729166666666666 0.010185185185185186
0 0.45208333333333334 0.2708333333333333 0.007291666666666667 0.010185185185185186
1 0.9640625 0.20787037037037037 0.071875 0.06759259259259259
1 0.775 0.047685185185185185 0.03333333333333333 0.026851851851851852
1 0.8158854166666667 0.17731481481481481 0.0328125 0.021296296296296296
1 0.6315104166666666 0.21944444444444444 0.0359375 0.014814814814814815
1 0.6565104166666667 0.2337962962962963 0.03802083333333333 0.01574074074074074
1 0.6502604166666667 0.1412037037037037 0.0265625 0.013888888888888888
1 0.6247395833333333 0.10277777777777777 0.025520833333333333 0.016666666666666666
1 0.6424479166666667 0.1287037037037037 0.028645833333333332 0.016666666666666666
1 0.6268229166666667 0.16435185185185186 0.027604166666666666 0.017592592592592594
1 0.6265625 0.14074074074074075 0.022916666666666665 0.014814814814814815
1 0.6619791666666667 0.08101851851851852 0.022916666666666665 0.01574074074074074
1 0.43645833333333334 0.10324074074074074 0.021875 0.013888888888888888
1 0.6604166666666667 0.06851851851851852 0.022916666666666665 0.014814814814814815
1 0.6260416666666667 0.19490740740740742 0.026041666666666668 0.019444444444444445
1 0.80234375 0.2263888888888889 0.0171875 0.025
1 0.48880208333333336 0.12222222222222222 0.0234375 0.016666666666666666
1 0.6549479166666666 0.16574074074074074 0.022395833333333334 0.016666666666666666
1 0.65234375 0.1962962962962963 0.022395833333333334 0.016666666666666666
1 0.6213541666666667 0.07824074074074074 0.017708333333333333 0.013888888888888888
1 0.6223958333333334 0.06574074074074074 0.01875 0.014814814814814815
1 0.36328125 0.10601851851851851 0.022395833333333334 0.012037037037037037
1 0.6567708333333333 0.2212962962962963 0.023958333333333335 0.014814814814814815
1 0.43385416666666665 0.09212962962962963 0.020833333333333332 0.012037037037037037
1 0.36354166666666665 0.11435185185185186 0.022916666666666665 0.013888888888888888
1 0.6200520833333333 0.12685185185185185 0.016145833333333335 0.014814814814814815
1 0.4354166666666667 0.11157407407407408 0.021875 0.012037037037037037
1 0.6200520833333333 0.23287037037037037 0.015104166666666667 0.012037037037037037
1 0.6380208333333334 0.07916666666666666 0.014583333333333334 0.01574074074074074
1 0.4361979166666667 0.12268518518518519 0.027604166666666666 0.012037037037037037
1 0.6403645833333333 0.06759259259259259 0.016145833333333335 0.014814814814814815
1 0.7721354166666666 0.09861111111111111 0.030729166666666665 0.017592592592592594
1 0.35989583333333336 0.09675925925925925 0.017708333333333333 0.012037037037037037
1 0.6356770833333333 0.23333333333333334 0.015104166666666667 0.011111111111111112
1 0.4348958333333333 0.1361111111111111 0.03854166666666667 0.012962962962962963
1 0.12161458333333333 0.19398148148148148 0.019270833333333334 0.010185185185185186
