0 0.7328125 0.3050925925925926 0.084375 0.041666666666666664
0 0.46458333333333335 0.30925925925925923 0.020833333333333332 0.037037037037037035
0 0.734375 0.36574074074074076 0.08333333333333333 0.08333333333333333
1 0.7372395833333333 0.3476851851851852 0.06822916666666666 0.03796296296296296
1 0.7317708333333334 0.46944444444444444 0.053125 0.037037037037037035
1 0.7276041666666667 0.6041666666666666 0.052083333333333336 0.032407407407407406
1 0.6934895833333333 0.6953703703703704 0.03177083333333333 0.027777777777777776
1 0.71875 0.39166666666666666 0.029166666666666667 0.022222222222222223
1 0.7177083333333333 0.3712962962962963 0.03125 0.018518518518518517
1 0.7502604166666667 0.3726851851851852 0.0296875 0.021296296296296296
1 0.753125 0.39166666666666666 0.022916666666666665 0.024074074074074074
