0 0.8200520833333333 0.06898148148148148 0.09010416666666667 0.04537037037037037
0 0.8200520833333333 0.10416666666666667 0.09010416666666667 0.04351851851851852
0 0.8203125 0.13935185185185187 0.08958333333333333 0.041666666666666664
0 0.8203125 0.17453703703703705 0.08854166666666667 0.03981481481481482
0 0.8203125 0.20972222222222223 0.08854166666666667 0.03796296296296296
0 0.8208333333333333 0.24537037037037038 0.0875 0.037037037037037035
1 0.8109375 0.24444444444444444 0.03958333333333333 0.020370370370370372
1 0.8046875 0.17916666666666667 0.026041666666666668 0.017592592592592594
1 0.803125 0.07222222222222222 0.023958333333333335 0.016666666666666666
1 0.8119791666666667 0.20787037037037037 0.041666666666666664 0.023148148148148147
1 0.8317708333333333 0.1050925925925926 0.03958333333333333 0.021296296296296296
1 0.80625 0.12916666666666668 0.029166666666666667 0.017592592592592594
1 0.8046875 0.1439814814814815 0.026041666666666668 0.01574074074074074
1 0.8328125 0.1675925925925926 0.027083333333333334 0.018518518518518517
1 0.8059895833333334 0.16527777777777777 0.028645833333333332 0.019444444444444445
1 0.83046875 0.14675925925925926 0.0234375 0.017592592592592594
1 0.8213541666666667 0.062037037037037036 0.022916666666666665 0.016666666666666666
1 0.8010416666666667 0.05925925925925926 0.020833333333333332 0.018518518518518517
1 0.7994791666666666 0.10092592592592593 0.017708333333333333 0.018518518518518517
1 0.8283854166666667 0.13194444444444445 0.015104166666666667 0.01574074074074074
1 0.8395833333333333 0.2101851851851852 0.01875 0.018518518518518517
