0 0.77890625 0.3578703703703704 0.06822916666666666 0.1175925925925926
0 0.37942708333333336 0.32592592592592595 0.018229166666666668 0.022222222222222223
0 0.17291666666666666 0.34074074074074073 0.025 0.046296296296296294
1 0.7755208333333333 0.44351851851851853 0.027083333333333334 0.022222222222222223
1 0.296875 0.2074074074074074 0.022916666666666665 0.025925925925925925
1 0.2994791666666667 0.1597222222222222 0.023958333333333335 0.028703703703703703
1 0.30494791666666665 0.29953703703703705 0.018229166666666668 0.01574074074074074
1 0.2984375 0.18611111111111112 0.021875 0.024074074074074074
1 0.3 0.13657407407407407 0.021875 0.025
1 0.30026041666666664 0.11481481481481481 0.0171875 0.020370370370370372
