0 0.67421875 0.21712962962962962 0.10052083333333334 0.04537037037037037
0 0.33932291666666664 0.1837962962962963 0.015104166666666667 0.028703703703703703
0 0.6752604166666667 0.1050925925925926 0.1015625 0.049074074074074076
0 0.6752604166666667 0.14305555555555555 0.1015625 0.049074074074074076
0 0.6755208333333333 0.03287037037037037 0.10104166666666667 0.049074074074074076
0 0.49947916666666664 0.2791666666666667 0.008333333333333333 0.01574074074074074
0 0.6752604166666667 0.06944444444444445 0.10052083333333334 0.05
0 0.48151041666666666 0.30324074074074076 0.009895833333333333 0.021296296296296296
0 0.4817708333333333 0.28194444444444444 0.013541666666666667 0.025
0 0.6739583333333333 0.25324074074074077 0.10104166666666667 0.04537037037037037
0 0.6747395833333333 0.18009259259259258 0.10052083333333334 0.04722222222222222
1 0.41302083333333334 0.48194444444444445 0.13125 0.06018518518518518
1 0.6677083333333333 0.03194444444444444 0.04583333333333333 0.026851851851851852
1 0.66484375 0.0587962962962963 0.04010416666666667 0.023148148148148147
1 0.6572916666666667 0.20694444444444443 0.029166666666666667 0.023148148148148147
1 0.6588541666666666 0.07407407407407407 0.028125 0.018518518518518517
1 0.6557291666666667 0.1388888888888889 0.022916666666666665 0.020370370370370372
1 0.6552083333333333 0.1763888888888889 0.023958333333333335 0.021296296296296296
1 0.6588541666666666 0.2523148148148148 0.035416666666666666 0.023148148148148147
1 0.6606770833333333 0.10277777777777777 0.0328125 0.022222222222222223
1 0.6700520833333333 0.22453703703703703 0.021354166666666667 0.019444444444444445
1 0.6856770833333333 0.2550925925925926 0.018229166666666668 0.019444444444444445
1 0.6872395833333333 0.10648148148148148 0.018229166666666668 0.020370370370370372
1 0.6497395833333334 0.2222222222222222 0.016145833333333335 0.016666666666666666
