0 0.76875 0.26805555555555555 0.08854166666666667 0.15833333333333333
1 0.6200520833333333 0.35462962962962963 0.050520833333333334 0.022222222222222223
1 0.6145833333333334 0.27175925925925926 0.028125 0.017592592592592594
1 0.6140625 0.41898148148148145 0.03229166666666667 0.01574074074074074
1 0.65859375 0.4115740740740741 0.028645833333333332 0.013888888888888888
1 0.6122395833333333 0.40694444444444444 0.028645833333333332 0.01574074074074074
1 0.6622395833333333 0.37453703703703706 0.033854166666666664 0.01574074074074074
1 0.6065104166666667 0.44907407407407407 0.025520833333333333 0.018518518518518517
1 0.62109375 0.38657407407407407 0.0234375 0.01574074074074074
1 0.6653645833333334 0.3587962962962963 0.03697916666666667 0.01574074074074074
1 0.6502604166666667 0.4236111111111111 0.0265625 0.013888888888888888
1 0.6317708333333333 0.4532407407407407 0.022916666666666665 0.017592592592592594
1 0.6205729166666667 0.37083333333333335 0.024479166666666666 0.01574074074074074
1 0.6135416666666667 0.2902777777777778 0.028125 0.021296296296296296
1 0.6036458333333333 0.3699074074074074 0.017708333333333333 0.01574074074074074
1 0.6020833333333333 0.38472222222222224 0.01875 0.017592592592592594
1 0.6075520833333333 0.45925925925925926 0.0265625 0.016666666666666666
1 0.66875 0.4652777777777778 0.026041666666666668 0.017592592592592594
1 0.63515625 0.37175925925925923 0.021354166666666667 0.013888888888888888
1 0.634375 0.462037037037037 0.026041666666666668 0.016666666666666666
