1 0.11510416666666666 0.4351851851851852 0.03229166666666667 0.024074074074074074
1 0.17135416666666667 0.3416666666666667 0.029166666666666667 0.025925925925925925
1 0.18385416666666668 0.3731481481481482 0.019791666666666666 0.016666666666666666
1 0.12265625 0.4532407407407407 0.0171875 0.01574074074074074
1 0.1046875 0.4564814814814815 0.016666666666666666 0.016666666666666666
1 0.56484375 0.36574074074074076 0.021354166666666667 0.012962962962962963
1 0.5640625 0.337037037037037 0.017708333333333333 0.012962962962962963
1 0.19453125 0.35462962962962963 0.0140625 0.016666666666666666
1 0.5611979166666666 0.35185185185185186 0.016145833333333335 0.014814814814814815
1 0.17916666666666667 0.35833333333333334 0.0125 0.016666666666666666
1 0.19921875 0.33425925925925926 0.0234375 0.020370370370370372
1 0.5817708333333333 0.36342592592592593 0.009375 0.017592592592592594
1 0.58046875 0.3509259259259259 0.009895833333333333 0.018518518518518517
1 0.17135416666666667 0.36018518518518516 0.013541666666666667 0.018518518518518517
