0 0.84296875 0.09074074074074075 0.1703125 0.06481481481481481
0 0.5848958333333333 0.3162037037037037 0.034375 0.05462962962962963
1 0.821875 0.08287037037037037 0.06770833333333333 0.03611111111111111
1 0.7359375 0.32222222222222224 0.03229166666666667 0.020370370370370372
1 0.5651041666666666 0.19814814814814816 0.021875 0.011111111111111112
1 0.8046875 0.10694444444444444 0.03854166666666667 0.025
1 0.85 0.10972222222222222 0.035416666666666666 0.023148148148148147
1 0.8325520833333333 0.015277777777777777 0.022395833333333334 0.021296296296296296
1 0.8604166666666667 0.016666666666666666 0.03229166666666667 0.024074074074074074
1 0.5684895833333333 0.21296296296296297 0.013020833333333334 0.011111111111111112
1 0.5609375 0.21296296296296297 0.011458333333333333 0.009259259259259259
1 0.8822916666666667 0.018518518518518517 0.013541666666666667 0.018518518518518517
1 0.5700520833333333 0.2222222222222222 0.009895833333333333 0.011111111111111112
1 0.8265625 0.10787037037037037 0.014583333333333334 0.021296296296296296
