0 0.8838541666666667 0.16712962962962963 0.1125 0.04351851851851852
0 0.8841145833333334 0.12685185185185185 0.11302083333333333 0.04259259259259259
0 0.8830729166666667 0.20694444444444443 0.11197916666666667 0.04351851851851852
1 0.8630208333333333 0.11851851851851852 0.034375 0.022222222222222223
1 0.81640625 0.24351851851851852 0.024479166666666666 0.03148148148148148
1 0.8604166666666667 0.2050925925925926 0.03125 0.025
1 0.8778645833333333 0.15925925925925927 0.027604166666666666 0.020370370370370372
1 0.8869791666666667 0.20787037037037037 0.029166666666666667 0.026851851851851852
1 0.21041666666666667 0.2111111111111111 0.036458333333333336 0.03888888888888889
1 0.8622395833333333 0.13472222222222222 0.0296875 0.017592592592592594
1 0.8546875 0.1574074074074074 0.01875 0.018518518518518517
1 0.86796875 0.2490740740740741 0.0640625 0.020370370370370372
