0 0.39166666666666666 0.21388888888888888 0.09375 0.1648148148148148
0 0.38619791666666664 0.33935185185185185 0.09322916666666667 0.09166666666666666
1 0.9286458333333333 0.5731481481481482 0.020833333333333332 0.022222222222222223
1 0.9283854166666666 0.5912037037037037 0.0265625 0.025
1 0.37421875 0.3384259259259259 0.049479166666666664 0.023148148148148147
1 0.3809895833333333 0.31666666666666665 0.0359375 0.022222222222222223
1 0.40651041666666665 0.36157407407407405 0.0390625 0.023148148148148147
1 0.8375 0.8601851851851852 0.022916666666666665 0.022222222222222223
1 0.8669270833333333 0.6069444444444444 0.024479166666666666 0.019444444444444445
1 0.9005208333333333 0.6347222222222222 0.023958333333333335 0.023148148148148147
1 0.5130208333333334 0.4217592592592593 0.017708333333333333 0.025
1 0.27630208333333334 0.2587962962962963 0.0359375 0.030555555555555555
1 0.4122395833333333 0.3416666666666667 0.022395833333333334 0.020370370370370372
1 0.36666666666666664 0.3592592592592593 0.025 0.020370370370370372
1 0.9028645833333333 0.6222222222222222 0.0203125 0.020370370370370372
1 0.87734375 0.624537037037037 0.0171875 0.019444444444444445
1 0.8533854166666667 0.6148148148148148 0.0265625 0.022222222222222223
1 0.9197916666666667 0.6412037037037037 0.017708333333333333 0.019444444444444445
1 0.25052083333333336 0.25972222222222224 0.020833333333333332 0.028703703703703703
1 0.4044270833333333 0.32083333333333336 0.0140625 0.017592592592592594
1 0.8510416666666667 0.6 0.023958333333333335 0.022222222222222223
1 0.24557291666666667 0.32037037037037036 0.021354166666666667 0.018518518518518517
1 0.56953125 0.6949074074074074 0.0203125 0.019444444444444445
1 0.8859375 0.6157407407407407 0.015625 0.018518518518518517
