0 0.36640625 0.0837962962962963 0.05572916666666667 0.11574074074074074
0 0.45026041666666666 0.08287037037037037 0.0828125 0.1175925925925926
0 0.49375 0.26805555555555555 0.007291666666666667 0.013888888888888888
0 0.35989583333333336 0.27361111111111114 0.008333333333333333 0.013888888888888888
1 0.45026041666666666 0.08935185185185185 0.050520833333333334 0.021296296296296296
1 0.43463541666666666 0.04351851851851852 0.04114583333333333 0.024074074074074074
1 0.3653645833333333 0.05787037037037037 0.0359375 0.019444444444444445
1 0.44947916666666665 0.06898148148148148 0.036458333333333336 0.021296296296296296
1 0.37552083333333336 0.07685185185185185 0.01875 0.012962962962962963
1 0.43020833333333336 0.2740740740740741 0.022916666666666665 0.011111111111111112
