0 0.89140625 0.17592592592592593 0.025520833333333333 0.05555555555555555
0 0.88671875 0.27361111111111114 0.0265625 0.05277777777777778
0 0.8888020833333333 0.22546296296296298 0.0265625 0.05277777777777778
0 0.49192708333333335 0.0375 0.11614583333333334 0.075
1 0.4786458333333333 0.021296296296296296 0.04375 0.025925925925925925
1 0.49505208333333334 0.047685185185185185 0.03177083333333333 0.023148148148148147
1 0.46848958333333335 0.04722222222222222 0.0203125 0.020370370370370372
1 0.5130208333333334 0.025925925925925925 0.017708333333333333 0.018518518518518517
1 0.5197916666666667 0.050462962962962966 0.019791666666666666 0.019444444444444445
1 0.5380208333333333 0.05 0.0125 0.025925925925925925
