0 0.7755208333333333 0.49583333333333335 0.08958333333333333 0.08425925925925926
0 0.7763020833333333 0.29074074074074074 0.09010416666666667 0.1648148148148148
0 0.7755208333333333 0.41203703703703703 0.08958333333333333 0.08888888888888889
0 0.5182291666666666 0.31574074074074077 0.017708333333333333 0.007407407407407408
0 0.5208333333333334 0.33240740740740743 0.009375 0.022222222222222223
0 0.5177083333333333 0.3074074074074074 0.017708333333333333 0.007407407407407408
0 0.5216145833333333 0.300462962962963 0.019270833333333334 0.010185185185185186
1 0.771875 0.3277777777777778 0.023958333333333335 0.02962962962962963
1 0.7669270833333334 0.3972222222222222 0.04739583333333333 0.025925925925925925
1 0.7940104166666667 0.4305555555555556 0.03697916666666667 0.025925925925925925
1 0.7541666666666667 0.42824074074074076 0.036458333333333336 0.026851851851851852
1 0.8013020833333333 0.3972222222222222 0.0171875 0.024074074074074074
