0 0.80546875 0.22407407407407406 0.11614583333333334 0.05185185185185185
0 0.8057291666666667 0.09768518518518518 0.11770833333333333 0.05277777777777778
0 0.80546875 0.056018518518518516 0.1171875 0.05462962962962963
0 0.80546875 0.1824074074074074 0.11614583333333334 0.05185185185185185
0 0.8057291666666667 0.1398148148148148 0.11666666666666667 0.05185185185185185
1 0.7848958333333333 0.21296296296296297 0.03333333333333333 0.022222222222222223
1 0.78359375 0.05185185185185185 0.0296875 0.024074074074074074
1 0.7848958333333333 0.18796296296296297 0.03229166666666667 0.018518518518518517
1 0.6518229166666667 0.06851851851851852 0.021354166666666667 0.02962962962962963
1 0.8088541666666667 0.17453703703703705 0.036458333333333336 0.025
1 0.7841145833333333 0.09444444444444444 0.0328125 0.025925925925925925
1 0.78515625 0.23055555555555557 0.03697916666666667 0.022222222222222223
1 0.8161458333333333 0.09814814814814815 0.030208333333333334 0.022222222222222223
1 0.60703125 0.14814814814814814 0.028645833333333332 0.018518518518518517
1 0.6057291666666667 0.1287037037037037 0.027083333333333334 0.022222222222222223
1 0.7786458333333334 0.17037037037037037 0.022916666666666665 0.018518518518518517
1 0.8125 0.23287037037037037 0.025 0.023148148148148147
1 0.80625 0.13194444444444445 0.029166666666666667 0.021296296296296296
1 0.7921875 0.14675925925925926 0.01875 0.01574074074074074
1 0.7796875 0.12731481481481483 0.025 0.021296296296296296
1 0.6135416666666667 0.1648148148148148 0.014583333333333334 0.014814814814814815
1 0.7744791666666667 0.1439814814814815 0.013541666666666667 0.01574074074074074
1 0.6 0.16574074074074074 0.013541666666666667 0.012962962962962963
1 0.5528645833333333 0.19212962962962962 0.0109375 0.013888888888888888
1 0.5520833333333334 0.20324074074074075 0.010416666666666666 0.01574074074074074
