0 0.75078125 0.39814814814814814 0.10572916666666667 0.19074074074074074
0 0.7510416666666667 0.2064814814814815 0.10729166666666666 0.19074074074074074
1 0.7518229166666667 0.2050925925925926 0.08489583333333334 0.07685185185185185
1 0.421875 0.2712962962962963 0.05416666666666667 0.018518518518518517
1 0.3731770833333333 0.2708333333333333 0.044270833333333336 0.019444444444444445
1 0.559375 0.3189814814814815 0.01875 0.019444444444444445
1 0.5765625 0.2810185185185185 0.017708333333333333 0.01574074074074074
1 0.5375 0.3199074074074074 0.01875 0.017592592592592594
1 0.5947916666666667 0.2814814814814815 0.01875 0.018518518518518517
1 0.63515625 0.28055555555555556 0.028645833333333332 0.014814814814814815
1 0.6752604166666667 0.2828703703703704 0.015104166666666667 0.01574074074074074
1 0.6580729166666667 0.28194444444444444 0.0203125 0.013888888888888888
