0 0.68046875 0.19074074074074074 0.09427083333333333 0.03888888888888889
0 0.6807291666666667 0.15925925925925927 0.09375 0.03888888888888889
0 0.6815104166666667 0.12824074074074074 0.09427083333333333 0.03981481481481482
0 0.6817708333333333 0.09675925925925925 0.09479166666666666 0.03981481481481482
0 0.5411458333333333 0.28888888888888886 0.009375 0.027777777777777776
0 0.6825520833333333 0.034722222222222224 0.09427083333333333 0.03981481481481482
0 0.68203125 0.06527777777777778 0.09427083333333333 0.03981481481481482
0 0.6796875 0.22268518518518518 0.09479166666666666 0.03796296296296296
1 0.4231770833333333 0.1824074074074074 0.0671875 0.012962962962962963
1 0.6643229166666667 0.15231481481481482 0.0296875 0.017592592592592594
1 0.66328125 0.21481481481481482 0.027604166666666666 0.016666666666666666
1 0.6908854166666667 0.06481481481481481 0.0421875 0.022222222222222223
1 0.3341145833333333 0.24675925925925926 0.030729166666666665 0.041666666666666664
1 0.6640625 0.16435185185185186 0.029166666666666667 0.01574074074074074
1 0.6828125 0.09074074074074075 0.030208333333333334 0.020370370370370372
1 0.6625 0.22685185185185186 0.030208333333333334 0.018518518518518517
1 0.6609375 0.12037037037037036 0.021875 0.016666666666666666
1 0.6885416666666667 0.12222222222222222 0.025 0.020370370370370372
1 0.6604166666666667 0.18796296296296297 0.023958333333333335 0.018518518518518517
1 0.684375 0.19027777777777777 0.022916666666666665 0.019444444444444445
1 0.6817708333333333 0.027777777777777776 0.023958333333333335 0.016666666666666666
1 0.6604166666666667 0.024537037037037038 0.019791666666666666 0.013888888888888888
1 0.6643229166666667 0.1 0.0234375 0.016666666666666666
1 0.6744791666666666 0.1337962962962963 0.01875 0.013888888888888888
1 0.659375 0.08703703703703704 0.016666666666666666 0.016666666666666666
1 0.6588541666666666 0.06111111111111111 0.017708333333333333 0.016666666666666666
1 0.6856770833333333 0.22870370370370371 0.018229166666666668 0.018518518518518517
1 0.6716145833333333 0.038425925925925926 0.0171875 0.012037037037037037
1 0.65703125 0.13194444444444445 0.0171875 0.013888888888888888
1 0.65546875 0.03611111111111111 0.0140625 0.012962962962962963
