0 0.7666666666666667 0.13055555555555556 0.13229166666666667 0.05555555555555555
0 0.571875 0.24675925925925926 0.025 0.04537037037037037
0 0.5703125 0.20185185185185187 0.025 0.046296296296296294
1 0.5705729166666667 0.20092592592592592 0.021354166666666667 0.020370370370370372
1 0.74453125 0.11990740740740741 0.044270833333333336 0.025
1 0.7864583333333334 0.125 0.035416666666666666 0.020370370370370372
1 0.26197916666666665 0.02175925925925926 0.034375 0.058333333333333334
1 0.26171875 0.09907407407407408 0.034895833333333334 0.06296296296296296
1 0.7533854166666667 0.13796296296296295 0.0265625 0.018518518518518517
1 0.73046875 0.13564814814814816 0.015104166666666667 0.017592592592592594
