0 0.8268229166666666 0.3768518518518518 0.09427083333333333 0.12037037037037036
0 0.8408854166666667 0.19722222222222222 0.10572916666666667 0.27037037037037037
0 0.9328125 0.2722222222222222 0.017708333333333333 0.044444444444444446
0 0.928125 0.31203703703703706 0.014583333333333334 0.037037037037037035
0 0.42213541666666665 0.25972222222222224 0.005729166666666666 0.04537037037037037
1 0.3703125 0.08055555555555556 0.042708333333333334 0.037037037037037035
1 0.8872395833333333 0.4060185185185185 0.0578125 0.08796296296296297
1 0.8111979166666666 0.3375 0.034895833333333334 0.021296296296296296
1 0.07838541666666667 0.19398148148148148 0.04010416666666667 0.021296296296296296
1 0.3697916666666667 0.1287037037037037 0.051041666666666666 0.037037037037037035
1 0.12838541666666667 0.18055555555555555 0.021354166666666667 0.014814814814814815
1 0.36953125 0.10648148148148148 0.027604166666666666 0.018518518518518517
1 0.5096354166666667 0.1388888888888889 0.027604166666666666 0.018518518518518517
1 0.840625 0.375 0.023958333333333335 0.018518518518518517
1 0.8536458333333333 0.39351851851851855 0.019791666666666666 0.020370370370370372
1 0.8369791666666667 0.3912037037037037 0.021875 0.021296296296296296
1 0.43411458333333336 0.09907407407407408 0.025520833333333333 0.044444444444444446
1 0.3372395833333333 0.09537037037037037 0.024479166666666666 0.04259259259259259
1 0.40729166666666666 0.09768518518518518 0.026041666666666668 0.04537037037037037
1 0.128125 0.19675925925925927 0.01875 0.01574074074074074
1 0.43255208333333334 0.13842592592592592 0.0234375 0.041666666666666664
1 0.8583333333333333 0.37777777777777777 0.011458333333333333 0.018518518518518517
1 0.31302083333333336 0.09490740740740741 0.025 0.04722222222222222
1 0.4046875 0.13842592592592592 0.023958333333333335 0.04537037037037037
1 0.553125 0.13657407407407407 0.019791666666666666 0.01574074074074074
1 0.5739583333333333 0.22685185185185186 0.013541666666666667 0.016666666666666666
1 0.12890625 0.2074074074074074 0.016145833333333335 0.012962962962962963
