0 0.7822916666666667 0.39351851851851855 0.08020833333333334 0.07962962962962963
0 0.546875 0.25972222222222224 0.06979166666666667 0.10833333333333334
0 0.78203125 0.2800925925925926 0.0796875 0.14907407407407408
0 0.58671875 0.3662037037037037 0.0171875 0.028703703703703703
0 0.6018229166666667 0.28888888888888886 0.04739583333333333 0.1111111111111111
1 0.77578125 0.38472222222222224 0.0203125 0.025
1 0.5635416666666667 0.23055555555555557 0.019791666666666666 0.012962962962962963
1 0.54453125 0.2310185185185185 0.0140625 0.012037037037037037
1 0.5455729166666666 0.21805555555555556 0.016145833333333335 0.013888888888888888
1 0.5981770833333333 0.3314814814814815 0.013020833333333334 0.018518518518518517
1 0.55703125 0.21805555555555556 0.018229166666666668 0.013888888888888888
1 0.6109375 0.33194444444444443 0.010416666666666666 0.019444444444444445
1 0.57109375 0.2175925925925926 0.015104166666666667 0.012962962962962963
