0 0.72265625 0.23657407407407408 0.0921875 0.1712962962962963
0 0.7221354166666667 0.36435185185185187 0.09114583333333333 0.08425925925925926
0 0.7216145833333333 0.4486111111111111 0.08802083333333334 0.0712962962962963
0 0.48489583333333336 0.3175925925925926 0.016666666666666666 0.02962962962962963
1 0.7236979166666667 0.1837962962962963 0.04635416666666667 0.026851851851851852
1 0.14609375 0.34074074074074073 0.019270833333333334 0.1111111111111111
1 0.7057291666666666 0.449537037037037 0.03958333333333333 0.028703703703703703
1 0.7393229166666667 0.35138888888888886 0.028645833333333332 0.026851851851851852
1 0.703125 0.3490740740740741 0.01875 0.022222222222222223
1 0.7481770833333333 0.44907407407407407 0.016145833333333335 0.024074074074074074
1 0.7341145833333333 0.3814814814814815 0.0140625 0.022222222222222223
1 0.721875 0.38101851851851853 0.0125 0.025
1 0.7013020833333333 0.3787037037037037 0.011979166666666667 0.024074074074074074
