0 0.6278645833333333 0.20092592592592592 0.11510416666666666 0.046296296296296294
0 0.6283854166666667 0.12222222222222222 0.11614583333333334 0.05
0 0.6283854166666667 0.08287037037037037 0.11614583333333334 0.049074074074074076
0 0.6283854166666667 0.044444444444444446 0.11614583333333334 0.04814814814814815
0 0.4109375 0.1574074074074074 0.019791666666666666 0.03518518518518519
0 0.5059895833333333 0.2865740740740741 0.005729166666666666 0.019444444444444445
1 0.6096354166666667 0.20787037037037037 0.03802083333333333 0.021296296296296296
1 0.6080729166666666 0.0712962962962963 0.03177083333333333 0.020370370370370372
1 0.6033854166666667 0.11898148148148148 0.025520833333333333 0.023148148148148147
1 0.6143229166666667 0.03333333333333333 0.044270833333333336 0.022222222222222223
1 0.6247395833333333 0.19074074074074074 0.03802083333333333 0.020370370370370372
1 0.61015625 0.08888888888888889 0.03697916666666667 0.020370370370370372
1 0.6450520833333333 0.09212962962962963 0.03177083333333333 0.023148148148148147
1 0.6497395833333334 0.03657407407407407 0.0296875 0.023148148148148147
1 0.63046875 0.05185185185185185 0.0265625 0.018518518518518517
1 0.6221354166666667 0.16064814814814815 0.024479166666666666 0.019444444444444445
1 0.603125 0.049074074074074076 0.023958333333333335 0.020370370370370372
1 0.6010416666666667 0.1597222222222222 0.01875 0.021296296296296296
1 0.5981770833333333 0.18981481481481483 0.016145833333333335 0.020370370370370372
