0 0.12447916666666667 0.29953703703703705 0.035416666666666666 0.06388888888888888
0 0.23072916666666668 0.2949074074074074 0.04375 0.023148148148148147
0 0.23098958333333333 0.31157407407407406 0.0421875 0.017592592592592594
0 0.12942708333333333 0.40694444444444444 0.021354166666666667 0.09907407407407408
0 0.121875 0.23657407407407408 0.052083333333333336 0.0824074074074074
0 0.09817708333333333 0.3087962962962963 0.021354166666666667 0.013888888888888888
0 0.09895833333333333 0.325 0.020833333333333332 0.012962962962962963
1 0.3307291666666667 0.36064814814814816 0.05 0.013888888888888888
1 0.44583333333333336 0.2708333333333333 0.036458333333333336 0.019444444444444445
1 0.44583333333333336 0.2851851851851852 0.029166666666666667 0.014814814814814815
1 0.4265625 0.3574074074074074 0.04791666666666667 0.014814814814814815
1 0.29635416666666664 0.3763888888888889 0.03333333333333333 0.013888888888888888
1 0.39479166666666665 0.3712962962962963 0.03229166666666667 0.014814814814814815
1 0.2791666666666667 0.36435185185185187 0.04791666666666667 0.023148148148148147
1 0.44609375 0.29768518518518516 0.021354166666666667 0.010185185185185186
1 0.4205729166666667 0.29907407407407405 0.0203125 0.016666666666666666
