0 0.72578125 0.4425925925925926 0.09427083333333333 0.1685185185185185
0 0.7205729166666667 0.5675925925925925 0.09427083333333333 0.0962962962962963
0 0.5515625 0.3527777777777778 0.04479166666666667 0.08148148148148149
1 0.7127604166666667 0.549074074074074 0.050520833333333334 0.03518518518518519
1 0.7244791666666667 0.48055555555555557 0.030208333333333334 0.03888888888888889
1 0.5518229166666667 0.32731481481481484 0.022395833333333334 0.01574074074074074
1 0.6981770833333333 0.5796296296296296 0.0390625 0.03333333333333333
1 0.5505208333333333 0.3587962962962963 0.020833333333333332 0.028703703703703703
1 0.7401041666666667 0.5861111111111111 0.0375 0.02962962962962963
1 0.7497395833333333 0.5541666666666667 0.0171875 0.025
