0 0.09322916666666667 0.33055555555555555 0.030208333333333334 0.07407407407407407
0 0.7598958333333333 0.30324074074074076 0.040625 0.075
0 0.66796875 0.30462962962962964 0.033854166666666664 0.07962962962962963
0 0.6184895833333334 0.2796296296296296 0.058854166666666666 0.09444444444444444
0 0.7596354166666667 0.3587962962962963 0.0421875 0.03981481481481482
1 0.66484375 0.3351851851851852 0.009895833333333333 0.012962962962962963
1 0.6166666666666667 0.2550925925925926 0.0125 0.010185185185185186
1 0.6330729166666667 0.25555555555555554 0.015104166666666667 0.011111111111111112
1 0.61796875 0.24351851851851852 0.016145833333333335 0.011111111111111112
1 0.75546875 0.3527777777777778 0.0109375 0.011111111111111112
