0 0.8716145833333333 0.19583333333333333 0.15260416666666668 0.06759259259259259
0 0.8721354166666667 0.13842592592592592 0.1546875 0.0712962962962963
0 0.6028645833333334 0.31342592592592594 0.0296875 0.05462962962962963
0 0.5434895833333333 0.28425925925925927 0.0203125 0.037037037037037035
1 0.8486979166666667 0.125 0.050520833333333334 0.03148148148148148
1 0.8580729166666666 0.18194444444444444 0.0671875 0.032407407407407406
1 0.20182291666666666 0.043055555555555555 0.027604166666666666 0.017592592592592594
1 0.1953125 0.025925925925925925 0.046875 0.03333333333333333
1 0.8713541666666667 0.20555555555555555 0.052083333333333336 0.025925925925925925
1 0.8966145833333333 0.13287037037037036 0.044270833333333336 0.028703703703703703
1 0.4005208333333333 0.012037037037037037 0.04375 0.016666666666666666
1 0.59765625 0.3509259259259259 0.0171875 0.020370370370370372
1 0.8572916666666667 0.1486111111111111 0.035416666666666666 0.023148148148148147
1 0.2903645833333333 0.016666666666666666 0.04114583333333333 0.03148148148148148
1 0.9098958333333333 0.21064814814814814 0.03229166666666667 0.021296296296296296
1 0.83671875 0.20277777777777778 0.028645833333333332 0.024074074074074074
1 0.9033854166666667 0.18796296296296297 0.027604166666666666 0.024074074074074074
1 0.35598958333333336 0.018055555555555554 0.043229166666666666 0.01574074074074074
1 0.8317708333333333 0.14583333333333334 0.017708333333333333 0.019444444444444445
1 0.24244791666666668 0.026851851851851852 0.019270833333333334 0.020370370370370372
1 0.2609375 0.024537037037037038 0.015625 0.017592592592592594
1 0.16744791666666667 0.2625 0.0140625 0.010185185185185186
1 0.17994791666666668 0.04722222222222222 0.0140625 0.014814814814814815
1 0.18229166666666666 0.2625 0.011458333333333333 0.010185185185185186
