0 0.80390625 0.21574074074074073 0.0765625 0.13518518518518519
0 0.8 0.3162037037037037 0.07916666666666666 0.08981481481481482
0 0.79765625 0.4046296296296296 0.17239583333333333 0.16666666666666666
1 0.8973958333333333 0.1685185185185185 0.08333333333333333 0.03518518518518519
1 0.8609375 0.2875 0.05625 0.026851851851851852
1 0.90859375 0.40555555555555556 0.049479166666666664 0.03518518518518519
1 0.90546875 0.35 0.058854166666666666 0.03518518518518519
1 0.7635416666666667 0.425 0.06458333333333334 0.06851851851851852
1 0.7932291666666667 0.3023148148148148 0.041666666666666664 0.032407407407407406
1 0.7893229166666667 0.3768518518518518 0.07552083333333333 0.05925925925925926
1 0.88828125 0.3194444444444444 0.05260416666666667 0.03333333333333333
1 0.853125 0.33935185185185185 0.046875 0.026851851851851852
1 0.8057291666666667 0.4398148148148148 0.041666666666666664 0.053703703703703705
1 0.9057291666666667 0.3787037037037037 0.04791666666666667 0.03333333333333333
1 0.89375 0.4305555555555556 0.03333333333333333 0.027777777777777776
1 0.8130208333333333 0.3314814814814815 0.03333333333333333 0.025925925925925925
1 0.86875 0.36944444444444446 0.030208333333333334 0.024074074074074074
1 0.5442708333333334 0.11435185185185186 0.10208333333333333 0.15092592592592594
1 0.7815104166666667 0.32222222222222224 0.030729166666666665 0.02962962962962963
1 0.10494791666666667 0.37546296296296294 0.022395833333333334 0.017592592592592594
1 0.8463541666666666 0.31157407407407406 0.023958333333333335 0.021296296296296296
1 0.8184895833333333 0.3087962962962963 0.015104166666666667 0.021296296296296296
