0 0.7028645833333333 0.26666666666666666 0.1046875 0.1925925925925926
0 0.7015625 0.4097222222222222 0.10625 0.10092592592592593
0 0.6854166666666667 0.49722222222222223 0.09791666666666667 0.08148148148148149
1 0.7046875 0.2064814814814815 0.052083333333333336 0.02962962962962963
1 0.6671875 0.49953703703703706 0.041666666666666664 0.03425925925925926
1 0.6885416666666667 0.3902777777777778 0.022916666666666665 0.03425925925925926
1 0.71328125 0.39305555555555555 0.018229166666666668 0.026851851851851852
1 0.7135416666666666 0.42916666666666664 0.023958333333333335 0.030555555555555555
1 0.68125 0.42824074074074076 0.017708333333333333 0.028703703703703703
1 0.7333333333333333 0.43148148148148147 0.016666666666666666 0.027777777777777776
1 0.6958333333333333 0.42777777777777776 0.015625 0.03148148148148148
