0 0.8067708333333333 0.3925925925925926 0.04583333333333333 0.14629629629629629
0 0.6828125 0.36712962962962964 0.025 0.03796296296296296
0 0.6854166666666667 0.4041666666666667 0.029166666666666667 0.03796296296296296
0 0.7526041666666666 0.20416666666666666 0.10104166666666667 0.1527777777777778
0 0.7765625 0.3851851851851852 0.016666666666666666 0.13518518518518519
0 0.678125 0.3287037037037037 0.023958333333333335 0.037037037037037035
1 0.7596354166666667 0.15231481481481482 0.05677083333333333 0.028703703703703703
1 0.7588541666666667 0.22268518518518518 0.05416666666666667 0.023148148148148147
1 0.7518229166666667 0.2513888888888889 0.043229166666666666 0.026851851851851852
1 0.765625 0.18194444444444444 0.03229166666666667 0.026851851851851852
1 0.73984375 0.18101851851851852 0.0203125 0.025
