0 0.78046875 0.1814814814814815 0.0609375 0.08518518518518518
1 0.9252604166666667 0.09398148148148149 0.0515625 0.05648148148148148
1 0.7028645833333333 0.26805555555555555 0.059895833333333336 0.030555555555555555
1 0.60625 0.19212962962962962 0.03229166666666667 0.01574074074074074
1 0.6033854166666667 0.32037037037037036 0.030729166666666665 0.012962962962962963
1 0.7885416666666667 0.1486111111111111 0.0375 0.023148148148148147
1 0.6041666666666666 0.13518518518518519 0.06770833333333333 0.03148148148148148
1 0.5989583333333334 0.2439814814814815 0.023958333333333335 0.013888888888888888
1 0.9221354166666667 0.13194444444444445 0.0453125 0.03796296296296296
1 0.6 0.23055555555555557 0.025 0.012962962962962963
1 0.7080729166666667 0.29212962962962963 0.03802083333333333 0.01574074074074074
1 0.6020833333333333 0.16574074074074074 0.021875 0.012962962962962963
1 0.5989583333333334 0.2564814814814815 0.023958333333333335 0.012962962962962963
1 0.8635416666666667 0.20601851851851852 0.036458333333333336 0.017592592592592594
1 0.5981770833333333 0.2824074074074074 0.0234375 0.012962962962962963
1 0.60078125 0.2953703703703704 0.024479166666666666 0.012962962962962963
1 0.6020833333333333 0.20555555555555555 0.028125 0.012962962962962963
1 0.6033854166666667 0.26851851851851855 0.028645833333333332 0.014814814814814815
1 0.6002604166666666 0.2175925925925926 0.022395833333333334 0.012962962962962963
1 0.5328125 0.29074074074074074 0.025 0.012962962962962963
1 0.5984375 0.30787037037037035 0.022916666666666665 0.012037037037037037
1 0.8682291666666667 0.2175925925925926 0.0375 0.018518518518518517
1 0.7161458333333334 0.3055555555555556 0.023958333333333335 0.012962962962962963
1 0.6973958333333333 0.3055555555555556 0.01875 0.012962962962962963
1 0.6859375 0.2902777777777778 0.015625 0.017592592592592594
1 0.6833333333333333 0.3050925925925926 0.0125 0.013888888888888888
1 0.53203125 0.2708333333333333 0.03177083333333333 0.025
1 0.6294270833333333 0.2675925925925926 0.011979166666666667 0.024074074074074074
