0 0.6065104166666667 0.21898148148148147 0.09427083333333333 0.032407407407407406
0 0.60546875 0.12407407407407407 0.0953125 0.03148148148148148
0 0.60625 0.18703703703703703 0.09479166666666666 0.03148148148148148
0 0.6046875 0.06157407407407407 0.09583333333333334 0.032407407407407406
0 0.60546875 0.09398148148148149 0.0953125 0.032407407407407406
0 0.6044270833333333 0.032407407407407406 0.0953125 0.03148148148148148
0 0.60546875 0.15555555555555556 0.0953125 0.03333333333333333
0 0.5041666666666667 0.24768518518518517 0.026041666666666668 0.010185185185185186
1 0.5927083333333333 0.1175925925925926 0.0375 0.016666666666666666
1 0.590625 0.06805555555555555 0.034375 0.01574074074074074
1 0.5901041666666667 0.05555555555555555 0.03125 0.014814814814814815
1 0.5861979166666667 0.03796296296296296 0.0265625 0.014814814814814815
1 0.58984375 0.13055555555555556 0.030729166666666665 0.014814814814814815
1 0.5861979166666667 0.18009259259259258 0.0234375 0.017592592592592594
1 0.5856770833333333 0.21157407407407408 0.022395833333333334 0.013888888888888888
1 0.621875 0.14907407407407408 0.03333333333333333 0.014814814814814815
1 0.6213541666666667 0.16157407407407406 0.03229166666666667 0.013888888888888888
1 0.5833333333333334 0.22453703703703703 0.016666666666666666 0.013888888888888888
1 0.58671875 0.08703703703703704 0.0234375 0.014814814814814815
1 0.6065104166666667 0.19305555555555556 0.025520833333333333 0.01574074074074074
1 0.58984375 0.14907407407407408 0.0265625 0.014814814814814815
1 0.5885416666666666 0.16203703703703703 0.027083333333333334 0.014814814814814815
1 0.6072916666666667 0.09953703703703703 0.019791666666666666 0.013888888888888888
1 0.5859375 0.025 0.026041666666666668 0.012962962962962963
1 0.6127604166666667 0.08657407407407407 0.022395833333333334 0.017592592592592594
1 0.5838541666666667 0.1 0.022916666666666665 0.012962962962962963
1 0.5833333333333334 0.19398148148148148 0.01875 0.01574074074074074
1 0.6067708333333334 0.024537037037037038 0.013541666666666667 0.012037037037037037
