0 0.6541666666666667 0.17083333333333334 0.103125 0.04537037037037037
0 0.6533854166666667 0.1337962962962963 0.10364583333333334 0.04537037037037037
0 0.6526041666666667 0.09861111111111111 0.103125 0.04722222222222222
0 0.6520833333333333 0.06388888888888888 0.10416666666666667 0.04814814814814815
0 0.6541666666666667 0.20694444444444443 0.103125 0.04537037037037037
1 0.63828125 0.06851851851851852 0.03697916666666667 0.020370370370370372
1 0.6372395833333333 0.10462962962962963 0.034895833333333334 0.018518518518518517
1 0.6359375 0.20462962962962963 0.03229166666666667 0.022222222222222223
1 0.6325520833333333 0.24953703703703703 0.0234375 0.017592592592592594
1 0.64140625 0.1685185185185185 0.0453125 0.025925925925925925
1 0.63828125 0.05324074074074074 0.0390625 0.021296296296296296
1 0.6356770833333333 0.08796296296296297 0.030729166666666665 0.018518518518518517
1 0.6341145833333334 0.2337962962962963 0.0265625 0.017592592592592594
1 0.67578125 0.1726851851851852 0.0265625 0.021296296296296296
1 0.6286458333333333 0.13194444444444445 0.01875 0.019444444444444445
1 0.6630208333333333 0.05787037037037037 0.01875 0.017592592592592594
1 0.6606770833333333 0.09212962962962963 0.018229166666666668 0.017592592592592594
1 0.6578125 0.2375 0.017708333333333333 0.01574074074074074
1 0.6736979166666667 0.2388888888888889 0.0140625 0.014814814814814815
1 0.64453125 0.13240740740740742 0.013020833333333334 0.020370370370370372
