0 0.6807291666666667 0.19907407407407407 0.13125 0.05185185185185185
0 0.5307291666666667 0.2916666666666667 0.014583333333333334 0.024074074074074074
0 0.44817708333333334 0.19722222222222222 0.0328125 0.05185185185185185
0 0.6799479166666667 0.15046296296296297 0.13072916666666667 0.05277777777777778
0 0.484375 0.2763888888888889 0.007291666666666667 0.013888888888888888
0 0.48489583333333336 0.2912037037037037 0.007291666666666667 0.012037037037037037
1 0.6799479166666667 0.2074074074074074 0.07239583333333334 0.024074074074074074
1 0.6598958333333333 0.1875 0.03333333333333333 0.023148148148148147
1 0.65390625 0.10833333333333334 0.0296875 0.018518518518518517
1 0.6838541666666667 0.15 0.04479166666666667 0.025925925925925925
1 0.6973958333333333 0.09398148148148149 0.03854166666666667 0.017592592592592594
1 0.6546875 0.08981481481481482 0.028125 0.018518518518518517
1 0.6565104166666667 0.05324074074074074 0.030729166666666665 0.023148148148148147
1 0.6888020833333334 0.05416666666666667 0.030729166666666665 0.026851851851851852
1 0.65 0.1486111111111111 0.020833333333333332 0.025
1 0.19557291666666668 0.8763888888888889 0.025520833333333333 0.017592592592592594
