0 0.68984375 0.10648148148148148 0.1203125 0.06481481481481481
0 0.6911458333333333 0.062037037037037036 0.12083333333333333 0.06851851851851852
0 0.6869791666666667 0.23842592592592593 0.12083333333333333 0.062037037037037036
0 0.5403645833333334 0.2833333333333333 0.0328125 0.053703703703703705
1 0.671875 0.18564814814814815 0.03958333333333333 0.026851851851851852
1 0.6971354166666667 0.1527777777777778 0.0421875 0.02962962962962963
1 0.7083333333333334 0.06574074074074074 0.03854166666666667 0.027777777777777776
1 0.6716145833333333 0.0587962962962963 0.0359375 0.026851851851851852
1 0.6690104166666667 0.10185185185185185 0.0328125 0.025925925925925925
1 0.6869791666666667 0.2518518518518518 0.026041666666666668 0.018518518518518517
1 0.6622395833333333 0.24675925925925926 0.027604166666666666 0.021296296296296296
1 0.67421875 0.20324074074074075 0.022395833333333334 0.017592592592592594
1 0.696875 0.10787037037037037 0.022916666666666665 0.023148148148148147
1 0.6609375 0.22870370370370371 0.022916666666666665 0.024074074074074074
1 0.6841145833333333 0.23194444444444445 0.0234375 0.023148148148148147
1 0.6643229166666667 0.1449074074074074 0.0265625 0.026851851851851852
1 0.6559895833333333 0.19907407407407407 0.0140625 0.016666666666666666
