0 0.6533854166666667 0.16805555555555557 0.0953125 0.25462962962962965
0 0.5080729166666667 0.3087962962962963 0.019270833333333334 0.03611111111111111
0 0.7557291666666667 0.337037037037037 0.053125 0.04814814814814815
0 0.1140625 0.35324074074074074 0.06770833333333333 0.04722222222222222
0 0.11354166666666667 0.3175925925925926 0.06770833333333333 0.02962962962962963
0 0.5229166666666667 0.3527777777777778 0.013541666666666667 0.05555555555555555
0 0.5299479166666666 0.30833333333333335 0.015104166666666667 0.02962962962962963
0 0.5158854166666667 0.30925925925925923 0.013020833333333334 0.027777777777777776
0 0.3065104166666667 0.32314814814814813 0.019270833333333334 0.03518518518518519
0 0.93125 0.31342592592592594 0.017708333333333333 0.04722222222222222
1 0.1109375 0.3175925925925926 0.030208333333333334 0.018518518518518517
1 0.10807291666666667 0.36064814814814816 0.0234375 0.019444444444444445
1 0.7544270833333333 0.3435185185185185 0.03697916666666667 0.020370370370370372
1 0.7557291666666667 0.32916666666666666 0.025 0.017592592592592594
1 0.10598958333333333 0.34444444444444444 0.021354166666666667 0.018518518518518517
