0 0.8229166666666666 0.20462962962962963 0.08645833333333333 0.03518518518518519
0 0.8229166666666666 0.17314814814814813 0.08645833333333333 0.037037037037037035
0 0.9002604166666667 0.29583333333333334 0.027604166666666666 0.05277777777777778
0 0.8221354166666667 0.23657407407407408 0.0859375 0.03425925925925926
1 0.728125 0.2962962962962963 0.03125 0.07037037037037037
1 0.80546875 0.23472222222222222 0.0234375 0.017592592592592594
1 0.80625 0.17083333333333334 0.021875 0.017592592592592594
1 0.8333333333333334 0.19953703703703704 0.03125 0.019444444444444445
1 0.8114583333333333 0.20972222222222223 0.019791666666666666 0.012037037037037037
1 0.8049479166666667 0.19768518518518519 0.018229166666666668 0.013888888888888888
1 0.7252604166666666 0.3421296296296296 0.030729166666666665 0.023148148148148147
