0 0.84453125 0.21851851851851853 0.09427083333333333 0.2462962962962963
0 0.8393229166666667 0.38564814814814813 0.09427083333333333 0.1175925925925926
0 0.2877604166666667 0.36203703703703705 0.0234375 0.03888888888888889
0 0.26119791666666664 0.30972222222222223 0.11302083333333333 0.06759259259259259
1 0.24166666666666667 0.29768518518518516 0.058333333333333334 0.032407407407407406
1 0.82265625 0.34814814814814815 0.04010416666666667 0.022222222222222223
1 0.26796875 0.3236111111111111 0.0484375 0.030555555555555555
1 0.8515625 0.38287037037037036 0.023958333333333335 0.017592592592592594
1 0.23046875 0.324537037037037 0.033854166666666664 0.028703703703703703
1 0.8484375 0.399537037037037 0.020833333333333332 0.017592592592592594
1 0.86875 0.40185185185185185 0.017708333333333333 0.018518518518518517
1 0.86953125 0.3851851851851852 0.013020833333333334 0.016666666666666666
