0 0.3065104166666667 0.5611111111111111 0.07135416666666666 0.13333333333333333
0 0.2328125 0.5560185185185185 0.06979166666666667 0.13055555555555556
0 0.8966145833333333 0.2777777777777778 0.05572916666666667 0.10185185185185185
0 0.8984375 0.35694444444444445 0.053125 0.049074074074074076
1 0.8981770833333333 0.24444444444444444 0.0390625 0.018518518518518517
1 0.23072916666666668 0.5578703703703703 0.053125 0.05277777777777778
1 0.16875 0.5143518518518518 0.020833333333333332 0.01574074074074074
1 0.8888020833333333 0.36527777777777776 0.024479166666666666 0.01574074074074074
1 0.16848958333333333 0.5013888888888889 0.018229166666666668 0.013888888888888888
1 0.88984375 0.3476851851851852 0.025520833333333333 0.01574074074074074
1 0.8979166666666667 0.2611111111111111 0.016666666666666666 0.016666666666666666
1 0.9119791666666667 0.36435185185185187 0.015625 0.013888888888888888
1 0.30182291666666666 0.5625 0.043229166666666666 0.09166666666666666
1 0.90546875 0.34814814814814815 0.013020833333333334 0.014814814814814815
