0 0.8239583333333333 0.09444444444444444 0.06041666666666667 0.10925925925925926
0 0.8255208333333334 0.23842592592592593 0.06145833333333333 0.07314814814814814
0 0.8255208333333334 0.17407407407407408 0.06145833333333333 0.05555555555555555
1 0.8200520833333333 0.16296296296296298 0.0328125 0.018518518518518517
1 0.8223958333333333 0.23055555555555557 0.028125 0.014814814814814815
1 0.8291666666666667 0.2162037037037037 0.01875 0.012037037037037037
1 0.8385416666666666 0.1824074074074074 0.025 0.016666666666666666
1 0.8111979166666666 0.1814814814814815 0.024479166666666666 0.018518518518518517
1 0.81796875 0.25833333333333336 0.013020833333333334 0.012962962962962963
1 0.8364583333333333 0.24351851851851852 0.016666666666666666 0.012962962962962963
1 0.8161458333333333 0.2439814814814815 0.013541666666666667 0.012037037037037037
1 0.8421875 0.1638888888888889 0.011458333333333333 0.016666666666666666
