0 0.62109375 0.4439814814814815 0.0796875 0.13240740740740742
1 0.7234375 0.26944444444444443 0.04895833333333333 0.03888888888888889
1 0.7486979166666666 0.3925925925925926 0.019270833333333334 0.012962962962962963
1 0.71171875 0.20601851851851852 0.025520833333333333 0.012037037037037037
1 0.7466145833333333 0.4064814814814815 0.022395833333333334 0.012962962962962963
1 0.67109375 0.21574074074074073 0.022395833333333334 0.014814814814814815
1 0.73828125 0.29212962962962963 0.0140625 0.019444444444444445
1 0.73203125 0.2050925925925926 0.016145833333333335 0.013888888888888888
1 0.7307291666666667 0.4064814814814815 0.015625 0.012962962962962963
1 0.70390625 0.1787037037037037 0.019270833333333334 0.012962962962962963
