0 0.6502604166666667 0.19768518518518519 0.1421875 0.05277777777777778
0 0.65 0.1486111111111111 0.14270833333333333 0.05462962962962963
0 0.64921875 0.05 0.1421875 0.06111111111111111
0 0.6494791666666667 0.09953703703703703 0.14166666666666666 0.05648148148148148
1 0.63203125 0.18472222222222223 0.0546875 0.026851851851851852
1 0.6268229166666667 0.038425925925925926 0.044270833333333336 0.025
1 0.6294270833333333 0.13657407407407407 0.0453125 0.025
1 0.6236979166666666 0.058333333333333334 0.0390625 0.024074074074074074
1 0.66328125 0.062037037037037036 0.0390625 0.025925925925925925
1 0.671875 0.14027777777777778 0.0375 0.023148148148148147
1 0.6802083333333333 0.18981481481481483 0.03854166666666667 0.022222222222222223
1 0.6505208333333333 0.08888888888888889 0.03333333333333333 0.022222222222222223
1 0.6216145833333333 0.2050925925925926 0.0328125 0.019444444444444445
1 0.6184895833333334 0.08657407407407407 0.030729166666666665 0.023148148148148147
1 0.65234375 0.2064814814814815 0.030729166666666665 0.018518518518518517
1 0.6354166666666666 0.15601851851851853 0.029166666666666667 0.017592592592592594
1 0.6333333333333333 0.10694444444444444 0.021875 0.017592592592592594
1 0.6611979166666667 0.0412037037037037 0.024479166666666666 0.021296296296296296
1 0.6127604166666667 0.1050925925925926 0.016145833333333335 0.017592592592592594
1 0.6125 0.1550925925925926 0.015625 0.017592592592592594
