0 0.7270833333333333 0.13055555555555556 0.16145833333333334 0.07222222222222222
0 0.7260416666666667 0.1875 0.1625 0.06759259259259259
1 0.7044270833333334 0.17407407407407408 0.059895833333333336 0.03333333333333333
1 0.7427083333333333 0.13148148148148148 0.07708333333333334 0.03518518518518519
1 0.74453125 0.19953703703703704 0.044270833333333336 0.026851851851851852
1 0.6895833333333333 0.125 0.030208333333333334 0.02962962962962963
1 0.684375 0.19537037037037036 0.019791666666666666 0.022222222222222223
1 0.70234375 0.19722222222222222 0.015104166666666667 0.018518518518518517
1 0.7166666666666667 0.19814814814814816 0.013541666666666667 0.018518518518518517
1 0.6609375 0.17962962962962964 0.03229166666666667 0.044444444444444446
