0 0.8111979166666666 0.3296296296296296 0.09114583333333333 0.1388888888888889
1 0.6072916666666667 0.16296296296296298 0.028125 0.012962962962962963
1 0.24270833333333333 0.23842592592592593 0.021875 0.010185185185185186
1 0.7630208333333334 0.21666666666666667 0.022916666666666665 0.009259259259259259
1 0.6018229166666667 0.19398148148148148 0.016145833333333335 0.010185185185185186
1 0.6122395833333333 0.19398148148148148 0.013020833333333334 0.010185185185185186
1 0.5997395833333333 0.18101851851851852 0.013020833333333334 0.010185185185185186
1 0.8106770833333333 0.35648148148148145 0.05572916666666667 0.06111111111111111
1 0.359375 0.21574074074074073 0.017708333333333333 0.011111111111111112
1 0.6122395833333333 0.1814814814814815 0.015104166666666667 0.011111111111111112
1 0.6 0.20601851851851852 0.0125 0.010185185185185186
1 0.6125 0.20601851851851852 0.013541666666666667 0.010185185185185186
