0 0.9158854166666667 0.041666666666666664 0.13385416666666666 0.06851851851851852
0 0.9158854166666667 0.09166666666666666 0.13385416666666666 0.06666666666666667
0 0.9145833333333333 0.14212962962962963 0.13333333333333333 0.06388888888888888
1 0.8901041666666667 0.0875 0.035416666666666666 0.030555555555555555
1 0.890625 0.03611111111111111 0.035416666666666666 0.02962962962962963
1 0.82890625 0.2884259259259259 0.0265625 0.021296296296296296
1 0.89140625 0.1388888888888889 0.03802083333333333 0.027777777777777776
1 0.9255208333333333 0.14444444444444443 0.03229166666666667 0.024074074074074074
1 0.79609375 0.2847222222222222 0.021354166666666667 0.019444444444444445
1 0.8645833333333334 0.3574074074074074 0.01875 0.012962962962962963
1 0.8635416666666667 0.3472222222222222 0.016666666666666666 0.009259259259259259
