0 0.8302083333333333 0.09259259259259259 0.05416666666666667 0.10185185185185185
0 0.83125 0.16805555555555557 0.05625 0.05648148148148148
0 0.8302083333333333 0.22870370370370371 0.05520833333333333 0.07222222222222222
1 0.26796875 0.0875 0.08177083333333333 0.028703703703703703
1 0.8263020833333333 0.15787037037037038 0.030729166666666665 0.021296296296296296
1 0.6885416666666667 0.22916666666666666 0.0875 0.06018518518518518
1 0.8427083333333333 0.17685185185185184 0.025 0.018518518518518517
1 0.81875 0.17407407407407408 0.020833333333333332 0.018518518518518517
1 0.8223958333333333 0.23287037037037037 0.016666666666666666 0.013888888888888888
1 0.8278645833333333 0.22037037037037038 0.027604166666666666 0.011111111111111112
1 0.8239583333333333 0.24768518518518517 0.011458333333333333 0.013888888888888888
1 0.8393229166666667 0.2351851851851852 0.0171875 0.012962962962962963
