0 0.6411458333333333 0.225 0.090625 0.02962962962962963
0 0.8864583333333333 0.33101851851851855 0.10625 0.2824074074074074
0 0.6388020833333333 0.04027777777777778 0.09114583333333333 0.03796296296296296
0 0.6401041666666667 0.16342592592592592 0.090625 0.03425925925925926
0 0.6403645833333333 0.19490740740740742 0.09114583333333333 0.03425925925925926
0 0.63984375 0.13240740740740742 0.09114583333333333 0.03518518518518519
0 0.6393229166666666 0.10138888888888889 0.09114583333333333 0.03611111111111111
0 0.6390625 0.07037037037037037 0.09166666666666666 0.03518518518518519
1 0.6223958333333334 0.09907407407407408 0.026041666666666668 0.018518518518518517
1 0.621875 0.1300925925925926 0.025 0.017592592592592594
1 0.6216145833333333 0.03796296296296296 0.025520833333333333 0.016666666666666666
1 0.6515625 0.18888888888888888 0.036458333333333336 0.018518518518518517
1 0.625 0.15555555555555556 0.025 0.016666666666666666
1 0.6190104166666667 0.07453703703703704 0.0203125 0.017592592592592594
1 0.65390625 0.15833333333333333 0.0265625 0.016666666666666666
1 0.6270833333333333 0.225 0.03125 0.020370370370370372
1 0.6221354166666667 0.062037037037037036 0.0265625 0.018518518518518517
1 0.6471354166666666 0.06435185185185185 0.024479166666666666 0.017592592592592594
1 0.6315104166666666 0.16805555555555557 0.019270833333333334 0.012037037037037037
1 0.6213541666666667 0.18703703703703703 0.01875 0.014814814814814815
1 0.6541666666666667 0.20092592592592592 0.022916666666666665 0.014814814814814815
1 0.6200520833333333 0.19907407407407407 0.016145833333333335 0.011111111111111112
1 0.63671875 0.20046296296296295 0.021354166666666667 0.012037037037037037
1 0.6494791666666667 0.22592592592592592 0.017708333333333333 0.018518518518518517
1 0.6161458333333333 0.16712962962962963 0.013541666666666667 0.012037037037037037
