0 0.21197916666666666 0.11481481481481481 0.07708333333333334 0.02962962962962963
0 0.21145833333333333 0.08888888888888889 0.07708333333333334 0.027777777777777776
0 0.21276041666666667 0.13935185185185187 0.07760416666666667 0.028703703703703703
0 0.21302083333333333 0.16712962962962963 0.07708333333333334 0.028703703703703703
0 0.21119791666666668 0.062037037037037036 0.07864583333333333 0.03148148148148148
0 0.21119791666666668 0.03611111111111111 0.07864583333333333 0.03148148148148148
1 0.20104166666666667 0.11296296296296296 0.029166666666666667 0.020370370370370372
1 0.2265625 0.11157407407407408 0.021875 0.017592592592592594
1 0.2265625 0.08564814814814815 0.017708333333333333 0.019444444444444445
1 0.19479166666666667 0.03611111111111111 0.019791666666666666 0.018518518518518517
1 0.19375 0.011574074074074073 0.015625 0.01574074074074074
1 0.19791666666666666 0.1388888888888889 0.025 0.020370370370370372
1 0.21536458333333333 0.03425925925925926 0.0171875 0.016666666666666666
1 0.19609375 0.06157407407407407 0.019270833333333334 0.01574074074074074
1 0.19557291666666668 0.08796296296296297 0.019270833333333334 0.018518518518518517
1 0.22760416666666666 0.059722222222222225 0.014583333333333334 0.01574074074074074
1 0.21770833333333334 0.1648148148148148 0.014583333333333334 0.016666666666666666
1 0.21744791666666666 0.13935185185185187 0.0140625 0.017592592592592594
1 0.23151041666666666 0.16435185185185186 0.0109375 0.01574074074074074
1 0.19348958333333333 0.16620370370370371 0.013020833333333334 0.017592592592592594
1 0.2125 0.059722222222222225 0.014583333333333334 0.01574074074074074
1 0.20442708333333334 0.16620370370370371 0.0109375 0.017592592592592594
1 0.21171875 0.08611111111111111 0.0109375 0.020370370370370372
