0 0.9005208333333333 0.2625 0.10729166666666666 0.19537037037037036
0 0.89296875 0.4097222222222222 0.11197916666666667 0.11018518518518519
1 0.7627604166666667 0.1865740740740741 0.1359375 0.125
1 0.88125 0.4078703703703704 0.058333333333333334 0.030555555555555555
1 0.5359375 0.42083333333333334 0.028125 0.012037037037037037
1 0.9174479166666667 0.43796296296296294 0.0484375 0.027777777777777776
1 0.11067708333333333 0.3365740740740741 0.009895833333333333 0.08425925925925926
1 0.5734375 0.20787037037037037 0.06458333333333334 0.05462962962962963
1 0.5364583333333334 0.45 0.034375 0.02962962962962963
1 0.8872395833333333 0.38333333333333336 0.0421875 0.027777777777777776
1 0.0265625 0.17777777777777778 0.05625 0.07037037037037037
1 0.9252604166666667 0.412962962962963 0.024479166666666666 0.024074074074074074
1 0.8703125 0.43194444444444446 0.029166666666666667 0.023148148148148147
1 0.8197916666666667 0.3074074074074074 0.028125 0.03888888888888889
1 0.91640625 0.3861111111111111 0.016145833333333335 0.020370370370370372
