0 0.9140625 0.4912037037037037 0.041666666666666664 0.175
0 0.8135416666666667 0.2777777777777778 0.041666666666666664 0.07592592592592592
0 0.35885416666666664 0.15601851851851853 0.019791666666666666 0.03611111111111111
0 0.9223958333333333 0.3143518518518518 0.10625 0.19907407407407407
0 0.5057291666666667 0.287962962962963 0.011458333333333333 0.020370370370370372
1 0.62265625 0.22268518518518518 0.043229166666666666 0.03796296296296296
1 0.5927083333333333 0.18796296296296297 0.020833333333333332 0.02962962962962963
1 0.6799479166666667 0.10324074074074074 0.025520833333333333 0.032407407407407406
1 0.6135416666666667 0.19537037037037036 0.014583333333333334 0.014814814814814815
1 0.6375 0.4083333333333333 0.010416666666666666 0.018518518518518517
1 0.5911458333333334 0.22037037037037038 0.022916666666666665 0.027777777777777776
