0 0.6770833333333334 0.13287037037037036 0.10625 0.03796296296296296
0 0.6763020833333333 0.0962962962962963 0.10677083333333333 0.040740740740740744
0 0.6783854166666666 0.16805555555555557 0.10677083333333333 0.041666666666666664
0 0.67578125 0.02546296296296296 0.10572916666666667 0.03981481481481482
0 0.6760416666666667 0.060648148148148145 0.10625 0.041666666666666664
1 0.6627604166666666 0.05925925925925926 0.044270833333333336 0.022222222222222223
1 0.6591145833333333 0.1587962962962963 0.03177083333333333 0.017592592592592594
1 0.6645833333333333 0.09490740740740741 0.04583333333333333 0.023148148148148147
1 0.6622395833333333 0.12361111111111112 0.03697916666666667 0.019444444444444445
1 0.6609375 0.20277777777777778 0.035416666666666666 0.020370370370370372
1 0.6731770833333334 0.17453703703703705 0.0296875 0.01574074074074074
1 0.6557291666666667 0.1398148148148148 0.026041666666666668 0.016666666666666666
1 0.65625 0.03148148148148148 0.030208333333333334 0.014814814814814815
1 0.6989583333333333 0.01990740740740741 0.026041666666666668 0.01574074074074074
1 0.6888020833333334 0.20416666666666666 0.022395833333333334 0.01574074074074074
1 0.6734375 0.018055555555555554 0.023958333333333335 0.013888888888888888
1 0.6526041666666667 0.016666666666666666 0.023958333333333335 0.016666666666666666
1 0.69453125 0.12546296296296297 0.022395833333333334 0.017592592592592594
1 0.67734375 0.14027777777777778 0.0171875 0.01574074074074074
1 0.6934895833333333 0.0962962962962963 0.018229166666666668 0.016666666666666666
1 0.6497395833333334 0.17546296296296296 0.015104166666666667 0.01574074074074074
1 0.6776041666666667 0.03148148148148148 0.013541666666666667 0.014814814814814815
