0 0.7924479166666667 0.21388888888888888 0.0734375 0.14074074074074075
0 0.7932291666666667 0.3175925925925926 0.07291666666666667 0.08148148148148149
0 0.7924479166666667 0.40046296296296297 0.07239583333333334 0.09907407407407408
1 0.7888020833333333 0.3055555555555556 0.0390625 0.027777777777777776
1 0.79765625 0.37407407407407406 0.0203125 0.014814814814814815
1 0.7885416666666667 0.3925925925925926 0.03854166666666667 0.018518518518518517
1 0.8083333333333333 0.3314814814814815 0.03125 0.022222222222222223
1 0.7786458333333334 0.3277777777777778 0.027083333333333334 0.025925925925925925
1 0.80859375 0.4337962962962963 0.027604166666666666 0.019444444444444445
1 0.8046875 0.41203703703703703 0.01875 0.018518518518518517
1 0.7841145833333333 0.4305555555555556 0.016145833333333335 0.018518518518518517
1 0.7791666666666667 0.41203703703703703 0.014583333333333334 0.018518518518518517
1 0.8114583333333333 0.39490740740740743 0.011458333333333333 0.01574074074074074
1 0.8125 0.30833333333333335 0.013541666666666667 0.020370370370370372
