0 0.73125 0.40370370370370373 0.078125 0.14629629629629629
0 0.7359375 0.2574074074074074 0.078125 0.14444444444444443
0 0.72265625 0.600462962962963 0.05572916666666667 0.23055555555555557
1 0.7013020833333333 0.8527777777777777 0.13177083333333334 0.046296296296296294
1 0.7380208333333333 0.25833333333333336 0.06458333333333334 0.0962962962962963
1 0.50234375 0.85 0.1265625 0.040740740740740744
1 0.21848958333333332 0.27314814814814814 0.022395833333333334 0.014814814814814815
1 0.5653645833333333 0.8564814814814815 0.09010416666666667 0.044444444444444446
1 0.21822916666666667 0.25925925925925924 0.017708333333333333 0.009259259259259259
1 0.21979166666666666 0.24444444444444444 0.01875 0.014814814814814815
