0 0.8502604166666666 0.08935185185185185 0.14427083333333332 0.07685185185185185
0 0.85 0.14351851851851852 0.14375 0.07222222222222222
0 0.5341145833333333 0.2828703703703704 0.022395833333333334 0.058333333333333334
0 0.55078125 0.26851851851851855 0.021354166666666667 0.05740740740740741
0 0.84921875 0.19768518518518519 0.14322916666666666 0.0712962962962963
1 0.7927083333333333 0.011111111111111112 0.051041666666666666 0.02962962962962963
1 0.8229166666666666 0.1388888888888889 0.03854166666666667 0.03148148148148148
1 0.8317708333333333 0.20555555555555555 0.05520833333333333 0.027777777777777776
1 0.703125 0.027777777777777776 0.030208333333333334 0.03148148148148148
1 0.70546875 0.20925925925925926 0.04635416666666667 0.022222222222222223
1 0.8403645833333333 0.18333333333333332 0.0671875 0.03333333333333333
1 0.8385416666666666 0.0763888888888889 0.0625 0.03425925925925926
1 0.7455729166666667 0.11157407407407408 0.0484375 0.026851851851851852
1 0.70078125 0.10925925925925926 0.04010416666666667 0.024074074074074074
1 0.8174479166666667 0.09351851851851851 0.0265625 0.024074074074074074
1 0.7700520833333333 0.1648148148148148 0.018229166666666668 0.016666666666666666
1 0.7302083333333333 0.18009259259259258 0.03333333333333333 0.028703703703703703
1 0.6588541666666666 0.3101851851851852 0.025 0.016666666666666666
1 0.7302083333333333 0.0787037037037037 0.03333333333333333 0.02962962962962963
1 0.70078125 0.12407407407407407 0.024479166666666666 0.014814814814814815
1 0.8864583333333333 0.10694444444444444 0.029166666666666667 0.021296296296296296
1 0.88125 0.0837962962962963 0.026041666666666668 0.023148148148148147
1 0.7671875 0.06527777777777778 0.022916666666666665 0.021296296296296296
1 0.7236979166666667 0.12638888888888888 0.019270833333333334 0.01574074074074074
1 0.50703125 0.17546296296296296 0.016145833333333335 0.012037037037037037
1 0.8450520833333334 0.09861111111111111 0.028645833333333332 0.023148148148148147
