0 0.8403645833333333 0.1884259259259259 0.12864583333333332 0.06944444444444445
0 0.4046875 0.33425925925925926 0.007291666666666667 0.037037037037037035
0 0.5424479166666667 0.274537037037037 0.018229166666666668 0.030555555555555555
0 0.5427083333333333 0.2972222222222222 0.013541666666666667 0.024074074074074074
0 0.40572916666666664 0.30416666666666664 0.014583333333333334 0.023148148148148147
0 0.5755208333333334 0.2777777777777778 0.020833333333333332 0.040740740740740744
0 0.8294270833333334 0.42685185185185187 0.12760416666666666 0.07037037037037037
0 0.8315104166666667 0.3763888888888889 0.12864583333333332 0.062037037037037036
0 0.4278645833333333 0.29953703703703705 0.0109375 0.021296296296296296
0 0.8330729166666667 0.33055555555555555 0.1296875 0.06666666666666667
1 0.8388020833333333 0.32592592592592595 0.06302083333333333 0.03518518518518519
1 0.8497395833333333 0.22962962962962963 0.0515625 0.025925925925925925
1 0.8278645833333333 0.19675925925925927 0.050520833333333334 0.025
1 0.8294270833333334 0.17685185185185184 0.044270833333333336 0.024074074074074074
1 0.8419270833333333 0.4125 0.03177083333333333 0.021296296296296296
1 0.8622395833333333 0.4300925925925926 0.04010416666666667 0.019444444444444445
1 0.8505208333333333 0.37916666666666665 0.03958333333333333 0.023148148148148147
1 0.815625 0.2800925925925926 0.035416666666666666 0.032407407407407406
1 0.84296875 0.2847222222222222 0.025520833333333333 0.025
1 0.8140625 0.37175925925925923 0.035416666666666666 0.030555555555555555
