0 0.8153645833333333 0.2101851851851852 0.0234375 0.06851851851851852
0 0.8247395833333333 0.14583333333333334 0.1265625 0.0712962962962963
1 0.81484375 0.14305555555555555 0.0828125 0.049074074074074076
1 0.21302083333333333 0.1587962962962963 0.06145833333333333 0.07314814814814814
1 0.21276041666666667 0.08425925925925926 0.06510416666666667 0.08888888888888889
1 0.8565104166666667 0.04351851851851852 0.0171875 0.014814814814814815
1 0.90390625 0.049074074074074076 0.011979166666666667 0.014814814814814815
1 0.8716145833333333 0.04583333333333333 0.016145833333333335 0.017592592592592594
1 0.8854166666666666 0.04722222222222222 0.011458333333333333 0.014814814814814815
1 0.89296875 0.047685185185185185 0.008854166666666666 0.013888888888888888
