0 0.5856770833333333 0.19490740740740742 0.0953125 0.03425925925925926
0 0.58515625 0.09675925925925925 0.0953125 0.03611111111111111
0 0.58515625 0.1287037037037037 0.0953125 0.03333333333333333
0 0.58515625 0.16157407407407406 0.0953125 0.03425925925925926
0 0.5848958333333333 0.06481481481481481 0.09583333333333334 0.03888888888888889
0 0.5856770833333333 0.2263888888888889 0.0953125 0.032407407407407406
0 0.5846354166666666 0.03333333333333333 0.09635416666666667 0.037037037037037035
1 0.5736979166666667 0.05787037037037037 0.0421875 0.019444444444444445
1 0.56875 0.12268518518518519 0.03125 0.019444444444444445
1 0.57109375 0.0699074074074074 0.03697916666666667 0.019444444444444445
1 0.5651041666666666 0.08935185185185185 0.022916666666666665 0.017592592592592594
1 0.5658854166666667 0.1037037037037037 0.024479166666666666 0.014814814814814815
1 0.5674479166666667 0.23287037037037037 0.025520833333333333 0.013888888888888888
1 0.5927083333333333 0.16203703703703703 0.041666666666666664 0.022222222222222223
1 0.58203125 0.1935185185185185 0.03177083333333333 0.022222222222222223
1 0.584375 0.027314814814814816 0.023958333333333335 0.01574074074074074
1 0.5802083333333333 0.22037037037037038 0.022916666666666665 0.018518518518518517
1 0.56328125 0.025 0.019270833333333334 0.014814814814814815
1 0.5630208333333333 0.16064814814814815 0.01875 0.017592592592592594
1 0.5627604166666667 0.13564814814814816 0.0171875 0.013888888888888888
1 0.5796875 0.13703703703703704 0.01875 0.014814814814814815
1 0.5609375 0.22037037037037038 0.017708333333333333 0.016666666666666666
1 0.5744791666666667 0.038425925925925926 0.021875 0.012037037037037037
1 0.5606770833333333 0.03657407407407407 0.015104166666666667 0.012037037037037037
1 0.5588541666666667 0.19305555555555556 0.011458333333333333 0.017592592592592594
