0 0.6765625 0.07592592592592592 0.11041666666666666 0.037037037037037035
0 0.6760416666666667 0.038425925925925926 0.11041666666666666 0.03796296296296296
0 0.6768229166666667 0.1111111111111111 0.10989583333333333 0.037037037037037035
0 0.678125 0.2222222222222222 0.11041666666666666 0.03518518518518519
0 0.6770833333333334 0.1476851851851852 0.11041666666666666 0.03611111111111111
0 0.67734375 0.18518518518518517 0.10989583333333333 0.037037037037037035
1 0.6651041666666667 0.21296296296296297 0.0375 0.020370370370370372
1 0.6653645833333334 0.1837962962962963 0.049479166666666664 0.023148148148148147
1 0.6544270833333333 0.07268518518518519 0.0296875 0.021296296296296296
1 0.6533854166666667 0.037037037037037035 0.028645833333333332 0.020370370370370372
1 0.6559895833333333 0.1537037037037037 0.0296875 0.016666666666666666
1 0.66484375 0.10231481481481482 0.0484375 0.021296296296296296
1 0.6919270833333333 0.13935185185185187 0.034895833333333334 0.017592592592592594
1 0.6596354166666667 0.11712962962962963 0.0265625 0.013888888888888888
1 0.65703125 0.13796296296296295 0.030729166666666665 0.016666666666666666
1 0.6533854166666667 0.22870370370370371 0.024479166666666666 0.016666666666666666
1 0.7036458333333333 0.11898148148148148 0.021875 0.013888888888888888
1 0.69921875 0.10462962962962963 0.019270833333333334 0.016666666666666666
1 0.67421875 0.22824074074074074 0.0171875 0.017592592592592594
1 0.6791666666666667 0.11851851851851852 0.030208333333333334 0.012962962962962963
