0 0.7833333333333333 0.2810185185185185 0.08854166666666667 0.15648148148148147
0 0.7841145833333333 0.399537037037037 0.09010416666666667 0.08611111111111111
0 0.7828125 0.4912037037037037 0.08854166666666667 0.10833333333333334
0 0.4171875 0.2777777777777778 0.016666666666666666 0.02962962962962963
0 0.41796875 0.31712962962962965 0.034895833333333334 0.028703703703703703
0 0.4635416666666667 0.30092592592592593 0.023958333333333335 0.040740740740740744
1 0.32760416666666664 0.22870370370370371 0.06041666666666667 0.07037037037037037
1 0.7885416666666667 0.46111111111111114 0.026041666666666668 0.020370370370370372
1 0.7776041666666667 0.38564814814814813 0.04895833333333333 0.028703703703703703
1 0.77734375 0.4824074074074074 0.0453125 0.022222222222222223
1 0.8013020833333333 0.4134259259259259 0.03697916666666667 0.023148148148148147
1 0.7638020833333333 0.41064814814814815 0.034895833333333334 0.026851851851851852
1 0.8002604166666667 0.5259259259259259 0.030729166666666665 0.018518518518518517
1 0.7966145833333333 0.5032407407407408 0.0234375 0.021296296296296296
1 0.77109375 0.5236111111111111 0.0203125 0.021296296296296296
1 0.7653645833333333 0.5027777777777778 0.0171875 0.020370370370370372
1 0.80703125 0.387037037037037 0.0171875 0.022222222222222223
1 0.7768229166666667 0.5032407407407408 0.013020833333333334 0.019444444444444445
1 0.80546875 0.4837962962962963 0.011979166666666667 0.019444444444444445
1 0.753125 0.5231481481481481 0.010416666666666666 0.020370370370370372
1 0.41328125 0.3106481481481482 0.018229166666666668 0.012037037037037037
1 0.41354166666666664 0.3199074074074074 0.022916666666666665 0.017592592592592594
