0 0.91484375 0.3763888888888889 0.06197916666666667 0.07685185185185185
0 0.9239583333333333 0.26666666666666666 0.07083333333333333 0.16666666666666666
1 0.6286458333333333 0.11296296296296296 0.042708333333333334 0.03518518518518519
1 0.62890625 0.1587962962962963 0.049479166666666664 0.03611111111111111
1 0.6020833333333333 0.2162037037037037 0.06458333333333334 0.041666666666666664
1 0.2708333333333333 0.1935185185185185 0.019791666666666666 0.011111111111111112
1 0.29010416666666666 0.22870370370370371 0.016666666666666666 0.014814814814814815
1 0.29375 0.20277777777777778 0.023958333333333335 0.012962962962962963
1 0.6604166666666667 0.1685185185185185 0.022916666666666665 0.04259259259259259
1 0.27109375 0.21481481481481482 0.016145833333333335 0.012962962962962963
1 0.37916666666666665 0.20879629629629629 0.014583333333333334 0.017592592592592594
1 0.5973958333333333 0.12546296296296297 0.022916666666666665 0.03611111111111111
1 0.5729166666666666 0.1259259259259259 0.021875 0.040740740740740744
1 0.27057291666666666 0.2037037037037037 0.019270833333333334 0.011111111111111112
1 0.6630208333333333 0.1310185185185185 0.023958333333333335 0.05462962962962963
1 0.55234375 0.125 0.0234375 0.03888888888888889
