0 0.834375 0.10555555555555556 0.084375 0.05
0 0.8322916666666667 0.1986111111111111 0.084375 0.04537037037037037
0 0.8330729166666667 0.1675925925925926 0.08489583333333334 0.046296296296296294
0 0.8315104166666667 0.2300925925925926 0.08385416666666666 0.04537037037037037
0 0.5486979166666667 0.28888888888888886 0.0171875 0.03148148148148148
0 0.5494791666666666 0.2518518518518518 0.025 0.044444444444444446
0 0.83359375 0.1361111111111111 0.08489583333333334 0.046296296296296294
0 0.32786458333333335 0.27361111111111114 0.013020833333333334 0.021296296296296296
1 0.81875 0.10046296296296296 0.026041666666666668 0.023148148148148147
1 0.7307291666666667 0.28564814814814815 0.025 0.017592592592592594
1 0.81640625 0.1625 0.0234375 0.019444444444444445
1 0.8182291666666667 0.13148148148148148 0.026041666666666668 0.022222222222222223
1 0.8458333333333333 0.19583333333333333 0.026041666666666668 0.021296296296296296
1 0.8184895833333333 0.18981481481481483 0.028645833333333332 0.020370370370370372
1 0.8158854166666667 0.22037037037037038 0.024479166666666666 0.020370370370370372
1 0.8388020833333333 0.225 0.0234375 0.020370370370370372
1 0.8127604166666667 0.23148148148148148 0.0203125 0.022222222222222223
1 0.4635416666666667 0.22361111111111112 0.03229166666666667 0.01574074074074074
1 0.8388020833333333 0.13657407407407407 0.0140625 0.017592592592592594
