0 0.7661458333333333 0.1912037037037037 0.13958333333333334 0.05092592592592592
0 0.7653645833333333 0.14212962962962963 0.14010416666666667 0.05462962962962963
0 0.53046875 0.2791666666666667 0.0109375 0.021296296296296296
1 0.7484375 0.14027777777777778 0.05625 0.028703703703703703
1 0.7921875 0.17962962962962964 0.034375 0.022222222222222223
1 0.7953125 0.1439814814814815 0.036458333333333336 0.025
1 0.759375 0.17777777777777778 0.029166666666666667 0.020370370370370372
1 0.7955729166666666 0.2023148148148148 0.025520833333333333 0.025
1 0.7333333333333333 0.19907407407407407 0.019791666666666666 0.022222222222222223
1 0.7328125 0.17731481481481481 0.020833333333333332 0.023148148148148147
1 0.76796875 0.2 0.030729166666666665 0.022222222222222223
1 0.7484375 0.2 0.0125 0.022222222222222223
