0 0.7807291666666667 0.19953703703703704 0.084375 0.15648148148148147
0 0.7763020833333333 0.31342592592592594 0.08802083333333334 0.09537037037037037
0 0.7716145833333333 0.4060185185185185 0.0890625 0.11574074074074074
1 0.77890625 0.37453703703703706 0.024479166666666666 0.021296296296296296
1 0.771875 0.30092592592592593 0.046875 0.03148148148148148
1 0.7583333333333333 0.3236111111111111 0.03333333333333333 0.028703703703703703
1 0.7682291666666666 0.39490740740740743 0.04479166666666667 0.025
1 0.7888020833333333 0.44074074074074077 0.030729166666666665 0.022222222222222223
1 0.79296875 0.3296296296296296 0.034895833333333334 0.025925925925925925
1 0.7859375 0.41712962962962963 0.022916666666666665 0.023148148148148147
1 0.7604166666666666 0.4351851851851852 0.020833333333333332 0.022222222222222223
1 0.7989583333333333 0.3037037037037037 0.015625 0.022222222222222223
1 0.7575520833333333 0.4134259259259259 0.0203125 0.023148148148148147
1 0.7432291666666667 0.4356481481481482 0.0125 0.019444444444444445
1 0.79453125 0.39814814814814814 0.013020833333333334 0.020370370370370372
