0 0.22604166666666667 0.23333333333333334 0.14479166666666668 0.05185185185185185
1 0.221875 0.18472222222222223 0.09583333333333334 0.04351851851851852
1 0.06536458333333334 0.02546296296296296 0.05364583333333333 0.049074074074074076
1 0.03177083333333333 0.10416666666666667 0.04479166666666667 0.03796296296296296
1 0.020052083333333335 0.04351851851851852 0.04010416666666667 0.044444444444444446
1 0.049479166666666664 0.06759259259259259 0.03333333333333333 0.03888888888888889
1 0.07135416666666666 0.1962962962962963 0.03125 0.02962962962962963
1 0.24427083333333333 0.2300925925925926 0.04375 0.03796296296296296
1 0.19869791666666667 0.23194444444444445 0.04635416666666667 0.03796296296296296
1 0.023177083333333334 0.07685185185185185 0.022395833333333334 0.03333333333333333
1 0.0671875 0.14722222222222223 0.03854166666666667 0.07037037037037037
