0 0.11614583333333334 0.3296296296296296 0.022916666666666665 0.04259259259259259
0 0.25052083333333336 0.3861111111111111 0.058333333333333334 0.03148148148148148
0 0.2515625 0.41388888888888886 0.059375 0.02962962962962963
0 0.3572916666666667 0.35555555555555557 0.057291666666666664 0.044444444444444446
0 0.1171875 0.3837962962962963 0.022916666666666665 0.021296296296296296
0 0.24973958333333332 0.3587962962962963 0.0578125 0.032407407407407406
0 0.11666666666666667 0.36342592592592593 0.022916666666666665 0.023148148148148147
0 0.028645833333333332 0.3912037037037037 0.019791666666666666 0.03425925925925926
1 0.35651041666666666 0.3476851851851852 0.033854166666666664 0.019444444444444445
1 0.34036458333333336 0.36435185185185187 0.021354166666666667 0.017592592592592594
1 0.3580729166666667 0.36018518518518516 0.021354166666666667 0.018518518518518517
