0 0.6588541666666666 0.04722222222222222 0.084375 0.040740740740740744
0 0.796875 0.24814814814814815 0.18645833333333334 0.17592592592592593
0 0.54140625 0.28703703703703703 0.018229166666666668 0.03148148148148148
0 0.415625 0.14722222222222223 0.020833333333333332 0.03888888888888889
0 0.6575520833333334 0.16342592592592592 0.08385416666666666 0.03981481481481482
0 0.6580729166666667 0.10601851851851851 0.08385416666666666 0.041666666666666664
0 0.6583333333333333 0.07592592592592592 0.084375 0.040740740740740744
0 0.48854166666666665 0.2875 0.00625 0.010185185185185186
0 0.48854166666666665 0.2740740740740741 0.007291666666666667 0.012962962962962963
1 0.6536458333333334 0.15601851851851853 0.040625 0.019444444444444445
1 0.6518229166666667 0.046296296296296294 0.0359375 0.020370370370370372
1 0.6440104166666667 0.10324074074074074 0.022395833333333334 0.019444444444444445
1 0.7385416666666667 0.2162037037037037 0.041666666666666664 0.025
1 0.74296875 0.19212962962962962 0.04739583333333333 0.026851851851851852
1 0.80390625 0.22268518518518518 0.04635416666666667 0.026851851851851852
1 0.7671875 0.3314814814814815 0.058333333333333334 0.037037037037037035
1 0.6424479166666667 0.1675925925925926 0.024479166666666666 0.016666666666666666
1 0.6471354166666666 0.1865740740740741 0.03177083333333333 0.01574074074074074
1 0.6463541666666667 0.08101851851851852 0.023958333333333335 0.01574074074074074
1 0.8416666666666667 0.22592592592592592 0.030208333333333334 0.025925925925925925
1 0.64609375 0.06851851851851852 0.022395833333333334 0.014814814814814815
1 0.646875 0.19722222222222222 0.03125 0.014814814814814815
1 0.7958333333333333 0.19675925925925927 0.025 0.025
1 0.6630208333333333 0.07037037037037037 0.014583333333333334 0.011111111111111112
1 0.6669270833333333 0.08333333333333333 0.0140625 0.012962962962962963
