0 0.7916666666666666 0.21666666666666667 0.06875 0.12407407407407407
0 0.79140625 0.3055555555555556 0.06614583333333333 0.05925925925925926
0 0.6291666666666667 0.3074074074074074 0.036458333333333336 0.06666666666666667
0 0.6302083333333334 0.24305555555555555 0.035416666666666666 0.06388888888888888
1 0.7888020833333333 0.21898148148148147 0.033854166666666664 0.04351851851851852
1 0.7846354166666667 0.29583333333333334 0.04114583333333333 0.023148148148148147
1 0.8052083333333333 0.3148148148148148 0.030208333333333334 0.018518518518518517
1 0.62890625 0.2851851851851852 0.019270833333333334 0.012962962962962963
1 0.7770833333333333 0.3125 0.028125 0.019444444444444445
1 0.6291666666666667 0.3125 0.020833333333333332 0.028703703703703703
1 0.8135416666666667 0.29953703703703705 0.015625 0.017592592592592594
