0 0.79140625 0.3375 0.07864583333333333 0.1527777777777778
0 0.7890625 0.4532407407407407 0.08020833333333334 0.07685185185185185
0 0.50234375 0.3351851851851852 0.05572916666666667 0.09814814814814815
1 0.76640625 0.7592592592592593 0.0515625 0.03518518518518519
1 0.503125 0.30324074074074076 0.027083333333333334 0.017592592592592594
1 0.7822916666666667 0.4375 0.04375 0.025
1 0.7911458333333333 0.3365740740740741 0.03229166666666667 0.06018518518518518
1 0.5018229166666667 0.34444444444444444 0.024479166666666666 0.03888888888888889
1 0.7713541666666667 0.4671296296296296 0.03333333333333333 0.025
1 0.8059895833333334 0.4675925925925926 0.033854166666666664 0.024074074074074074
1 0.8130208333333333 0.43842592592592594 0.015625 0.023148148148148147
1 0.8307291666666666 0.7462962962962963 0.009375 0.03888888888888889
