0 0.8901041666666667 0.39166666666666666 0.01875 0.05185185185185185
0 0.33567708333333335 0.27314814814814814 0.04739583333333333 0.02962962962962963
0 0.36953125 0.32222222222222224 0.0171875 0.03333333333333333
0 0.8921875 0.3421296296296296 0.01875 0.049074074074074076
0 0.34817708333333336 0.3365740740740741 0.04114583333333333 0.026851851851851852
0 0.8859375 0.4375 0.025 0.04351851851851852
1 0.05182291666666667 0.26851851851851855 0.0359375 0.025925925925925925
1 0.20989583333333334 0.2833333333333333 0.03229166666666667 0.024074074074074074
1 0.178125 0.2828703703703704 0.030208333333333334 0.025
1 0.01640625 0.2657407407407407 0.03177083333333333 0.025925925925925925
