0 0.81171875 0.3212962962962963 0.14427083333333332 0.20185185185185187
0 0.7940104166666667 0.07175925925925926 0.23489583333333333 0.075
0 0.7934895833333333 0.15092592592592594 0.23489583333333333 0.07962962962962963
0 0.7942708333333334 0.019444444444444445 0.23541666666666666 0.03888888888888889
0 0.5231770833333333 0.2074074074074074 0.0390625 0.06481481481481481
1 0.8197916666666667 0.32916666666666666 0.07708333333333334 0.03796296296296296
1 0.8190104166666666 0.2324074074074074 0.08072916666666667 0.02962962962962963
1 0.8033854166666666 0.2657407407407407 0.05260416666666667 0.04259259259259259
1 0.8002604166666667 0.3819444444444444 0.04635416666666667 0.03796296296296296
1 0.7408854166666666 0.06111111111111111 0.05572916666666667 0.03148148148148148
1 0.7427083333333333 0.016666666666666666 0.058333333333333334 0.02962962962962963
1 0.8049479166666667 0.05740740740740741 0.059895833333333336 0.037037037037037035
1 0.740625 0.1476851851851852 0.057291666666666664 0.03796296296296296
1 0.7979166666666667 0.14722222222222223 0.05520833333333333 0.03518518518518519
1 0.771875 0.08888888888888889 0.04895833333333333 0.027777777777777776
1 0.7927083333333333 0.014351851851851852 0.04375 0.025
1 0.7307291666666667 0.08981481481481482 0.034375 0.025925925925925925
