0 0.8143229166666667 0.35185185185185186 0.0390625 0.05
0 0.8216145833333334 0.2800925925925926 0.0515625 0.10092592592592593
0 0.29791666666666666 0.27314814814814814 0.015625 0.027777777777777776
1 0.9005208333333333 0.6467592592592593 0.13333333333333333 0.0824074074074074
1 0.8927083333333333 0.5476851851851852 0.096875 0.06759259259259259
1 0.89453125 0.5958333333333333 0.12447916666666667 0.07685185185185185
1 0.93515625 0.5064814814814815 0.09010416666666667 0.05555555555555555
1 0.84609375 0.4356481481481482 0.0328125 0.019444444444444445
1 0.9653645833333333 0.40925925925925927 0.06614583333333333 0.044444444444444446
1 0.6661458333333333 0.2972222222222222 0.022916666666666665 0.025925925925925925
1 0.9575520833333333 0.5625 0.0859375 0.058333333333333334
1 0.6536458333333334 0.33101851851851855 0.01875 0.01574074074074074
1 0.95625 0.4587962962962963 0.08958333333333333 0.049074074074074076
1 0.7684895833333333 0.45555555555555555 0.033854166666666664 0.04259259259259259
