0 0.85078125 0.25046296296296294 0.09010416666666667 0.032407407407407406
0 0.8502604166666666 0.2828703703703704 0.09114583333333333 0.03796296296296296
0 0.85078125 0.2212962962962963 0.0921875 0.03148148148148148
0 0.8513020833333333 0.16018518518518518 0.0921875 0.03148148148148148
0 0.85078125 0.19166666666666668 0.0921875 0.03148148148148148
1 0.8080729166666667 0.05185185185185185 0.0359375 0.022222222222222223
1 0.834375 0.24212962962962964 0.029166666666666667 0.019444444444444445
1 0.8552083333333333 0.22083333333333333 0.0375 0.023148148148148147
1 0.8372395833333334 0.16064814814814815 0.033854166666666664 0.013888888888888888
1 0.8338541666666667 0.2574074074074074 0.026041666666666668 0.014814814814814815
1 0.83203125 0.19074074074074074 0.025520833333333333 0.016666666666666666
1 0.8661458333333333 0.16064814814814815 0.023958333333333335 0.013888888888888888
1 0.6770833333333334 0.25787037037037036 0.022916666666666665 0.023148148148148147
1 0.6979166666666666 0.25601851851851853 0.020833333333333332 0.021296296296296296
1 0.8265625 0.28055555555555556 0.015625 0.014814814814814815
1 0.8278645833333333 0.21944444444444444 0.018229166666666668 0.018518518518518517
1 0.85 0.1912037037037037 0.015625 0.01574074074074074
1 0.8395833333333333 0.2814814814814815 0.0125 0.014814814814814815
1 0.8651041666666667 0.19074074074074074 0.011458333333333333 0.018518518518518517
