0 0.7541666666666667 0.09722222222222222 0.13541666666666666 0.05740740740740741
0 0.7544270833333333 0.05277777777777778 0.13489583333333333 0.05740740740740741
0 0.7541666666666667 0.1412037037037037 0.13541666666666666 0.058333333333333334
1 0.7388020833333333 0.08657407407407407 0.05677083333333333 0.030555555555555555
1 0.7252604166666666 0.1375 0.0296875 0.025
1 0.7825520833333334 0.056018518518518516 0.0359375 0.026851851851851852
1 0.7276041666666667 0.04861111111111111 0.035416666666666666 0.028703703703703703
1 0.16744791666666667 0.27037037037037037 0.018229166666666668 0.012962962962962963
1 0.75234375 0.10416666666666667 0.0453125 0.021296296296296296
1 0.56796875 0.31157407407407406 0.024479166666666666 0.01574074074074074
1 0.7815104166666667 0.09166666666666666 0.024479166666666666 0.020370370370370372
1 0.721875 0.10138888888888889 0.022916666666666665 0.019444444444444445
1 0.7875 0.10972222222222222 0.027083333333333334 0.019444444444444445
1 0.5354166666666667 0.324537037037037 0.01875 0.012037037037037037
1 0.5716145833333334 0.32314814814814813 0.0203125 0.012962962962962963
1 0.5395833333333333 0.3111111111111111 0.01875 0.014814814814814815
1 0.5598958333333334 0.3236111111111111 0.011458333333333333 0.012037037037037037
