0 0.8044270833333333 0.13055555555555556 0.10052083333333334 0.046296296296296294
0 0.8044270833333333 0.23842592592592593 0.10052083333333334 0.041666666666666664
0 0.8044270833333333 0.20277777777777778 0.10052083333333334 0.04259259259259259
0 0.8046875 0.16620370370370371 0.1 0.04537037037037037
1 0.7822916666666667 0.23703703703703705 0.022916666666666665 0.020370370370370372
1 0.7872395833333333 0.2074074074074074 0.027604166666666666 0.014814814814814815
1 0.7859375 0.1625 0.030208333333333334 0.023148148148148147
1 0.8260416666666667 0.13240740740740742 0.029166666666666667 0.020370370370370372
1 0.8098958333333334 0.1962962962962963 0.025 0.018518518518518517
1 0.784375 0.1925925925925926 0.026041666666666668 0.018518518518518517
1 0.7846354166666667 0.12777777777777777 0.0265625 0.020370370370370372
1 0.81328125 0.16666666666666666 0.025520833333333333 0.018518518518518517
1 0.8104166666666667 0.20925925925925926 0.015625 0.014814814814814815
