0 0.7864583333333334 0.2125 0.08020833333333334 0.14351851851851852
0 0.78515625 0.4064814814814815 0.08072916666666667 0.10555555555555556
0 0.7861979166666667 0.3194444444444444 0.0796875 0.08333333333333333
1 0.790625 0.37824074074074077 0.023958333333333335 0.017592592592592594
1 0.7807291666666667 0.3972222222222222 0.040625 0.018518518518518517
1 0.7807291666666667 0.3074074074074074 0.042708333333333334 0.027777777777777776
1 0.8026041666666667 0.3337962962962963 0.03229166666666667 0.021296296296296296
1 0.76953125 0.33055555555555555 0.030729166666666665 0.025925925925925925
1 0.80234375 0.4393518518518518 0.030729166666666665 0.021296296296296296
1 0.7755208333333333 0.4356481481481482 0.019791666666666666 0.019444444444444445
1 0.7981770833333334 0.41759259259259257 0.022395833333333334 0.020370370370370372
1 0.7700520833333333 0.4162037037037037 0.0171875 0.019444444444444445
1 0.8083333333333333 0.30972222222222223 0.013541666666666667 0.021296296296296296
1 0.8057291666666667 0.399537037037037 0.011458333333333333 0.01574074074074074
1 0.7591145833333334 0.4375 0.0109375 0.01574074074074074
