0 0.7177083333333333 0.5027777777777778 0.153125 0.05925925925925926
0 0.4244791666666667 0.32314814814814813 0.016666666666666666 0.027777777777777776
0 0.28411458333333334 0.3162037037037037 0.008854166666666666 0.01574074074074074
0 0.7190104166666667 0.44351851851851853 0.15572916666666667 0.06296296296296296
0 0.38958333333333334 0.32731481481481484 0.0125 0.023148148148148147
0 0.5067708333333333 0.37962962962962965 0.030208333333333334 0.05185185185185185
1 0.6963541666666667 0.44537037037037036 0.041666666666666664 0.024074074074074074
1 0.7234375 0.5046296296296297 0.035416666666666666 0.02962962962962963
1 0.7356770833333334 0.4462962962962963 0.033854166666666664 0.02962962962962963
1 0.6901041666666666 0.5041666666666667 0.03125 0.026851851851851852
