0 0.6638020833333333 0.14675925925925926 0.09114583333333333 0.03425925925925926
0 0.6630208333333333 0.11481481481481481 0.08958333333333333 0.03333333333333333
0 0.7372395833333333 0.42083333333333334 0.0171875 0.10462962962962963
0 0.6625 0.08287037037037037 0.08958333333333333 0.03425925925925926
0 0.66484375 0.1787037037037037 0.09010416666666667 0.03333333333333333
0 0.6619791666666667 0.050462962962962966 0.08854166666666667 0.03611111111111111
0 0.7067708333333333 0.42453703703703705 0.016666666666666666 0.10833333333333334
0 0.6752604166666667 0.4134259259259259 0.015104166666666667 0.10462962962962963
0 0.64140625 0.2675925925925926 0.04114583333333333 0.046296296296296294
1 0.65390625 0.11342592592592593 0.0390625 0.019444444444444445
1 0.3846354166666667 0.2763888888888889 0.07864583333333333 0.04537037037037037
1 0.6489583333333333 0.1527777777777778 0.028125 0.014814814814814815
1 0.6546875 0.13842592592592592 0.0375 0.019444444444444445
1 0.65 0.04953703703703704 0.034375 0.017592592592592594
1 0.6484375 0.08055555555555556 0.028125 0.016666666666666666
1 0.6791666666666667 0.05138888888888889 0.025 0.01574074074074074
1 0.6455729166666667 0.17685185185185184 0.022395833333333334 0.020370370370370372
1 0.6671875 0.17824074074074073 0.020833333333333332 0.019444444444444445
1 0.6041666666666666 0.21712962962962962 0.016666666666666666 0.023148148148148147
1 0.6802083333333333 0.2050925925925926 0.027083333333333334 0.01574074074074074
1 0.6822916666666666 0.1388888888888889 0.016666666666666666 0.016666666666666666
1 0.6705729166666666 0.08055555555555556 0.0140625 0.016666666666666666
1 0.6432291666666666 0.20416666666666666 0.013541666666666667 0.013888888888888888
1 0.6606770833333333 0.2050925925925926 0.018229166666666668 0.013888888888888888
