0 0.678125 0.20879629629629629 0.14270833333333333 0.0712962962962963
0 0.6802083333333333 0.16203703703703703 0.14270833333333333 0.07222222222222222
0 0.6822916666666666 0.11574074074074074 0.14270833333333333 0.07222222222222222
0 0.6841145833333333 0.0699074074074074 0.1421875 0.0712962962962963
0 0.4786458333333333 0.2851851851851852 0.01875 0.03333333333333333
1 0.6619791666666667 0.2037037037037037 0.06458333333333334 0.037037037037037035
1 0.6557291666666667 0.1449074074074074 0.041666666666666664 0.030555555555555555
1 0.65234375 0.1638888888888889 0.04114583333333333 0.027777777777777776
1 0.6947916666666667 0.12731481481481483 0.03958333333333333 0.028703703703703703
1 0.6598958333333333 0.09814814814814815 0.046875 0.027777777777777776
1 0.65546875 0.11805555555555555 0.04010416666666667 0.026851851851851852
1 0.6986979166666667 0.1537037037037037 0.04114583333333333 0.025925925925925925
1 0.68359375 0.059722222222222225 0.033854166666666664 0.025
1 0.65234375 0.05324074074074074 0.0296875 0.026851851851851852
1 0.6661458333333333 0.07361111111111111 0.023958333333333335 0.019444444444444445
1 0.6934895833333333 0.10555555555555556 0.0234375 0.024074074074074074
1 0.16276041666666666 0.23796296296296296 0.018229166666666668 0.016666666666666666
1 0.6453125 0.06898148148148148 0.016666666666666666 0.019444444444444445
1 0.17786458333333333 0.24027777777777778 0.0171875 0.013888888888888888
