0 0.79140625 0.08935185185185185 0.1140625 0.04537037037037037
0 0.7921875 0.16944444444444445 0.11354166666666667 0.046296296296296294
0 0.7919270833333333 0.12962962962962962 0.1140625 0.044444444444444446
0 0.5677083333333334 0.29814814814814816 0.029166666666666667 0.05185185185185185
0 0.7921875 0.20879629629629629 0.11354166666666667 0.04537037037037037
1 0.7703125 0.20694444444444443 0.030208333333333334 0.023148148148148147
1 0.7697916666666667 0.12685185185185185 0.030208333333333334 0.022222222222222223
1 0.7765625 0.08009259259259259 0.046875 0.025
1 0.775 0.15787037037037038 0.0375 0.023148148148148147
1 0.8138020833333334 0.08518518518518518 0.03177083333333333 0.018518518518518517
1 0.809375 0.1625 0.03229166666666667 0.021296296296296296
1 0.76796875 0.09537037037037037 0.0265625 0.018518518518518517
1 0.7802083333333333 0.17453703703703705 0.022916666666666665 0.017592592592592594
1 0.7934895833333333 0.0962962962962963 0.025520833333333333 0.016666666666666666
1 0.7622395833333333 0.17453703703703705 0.0140625 0.01574074074074074
