0 0.8184895833333333 0.06620370370370371 0.18697916666666667 0.09537037037037037
0 0.525 0.2796296296296296 0.020833333333333332 0.07407407407407407
0 0.525 0.3337962962962963 0.019791666666666666 0.032407407407407406
0 0.40911458333333334 0.2916666666666667 0.05260416666666667 0.14074074074074075
0 0.7098958333333333 0.2800925925925926 0.035416666666666666 0.075
0 0.8171875 0.1375 0.184375 0.0824074074074074
0 0.2989583333333333 0.2861111111111111 0.03229166666666667 0.05555555555555555
1 0.7815104166666667 0.12962962962962962 0.06197916666666667 0.037037037037037035
1 0.8083333333333333 0.0587962962962963 0.04479166666666667 0.03425925925925926
1 0.4078125 0.30092592592592593 0.036458333333333336 0.018518518518518517
1 0.8276041666666667 0.1537037037037037 0.052083333333333336 0.03148148148148148
1 0.7690104166666667 0.06574074074074074 0.03802083333333333 0.03333333333333333
1 0.7856770833333333 0.08888888888888889 0.0296875 0.024074074074074074
1 0.76015625 0.0912037037037037 0.018229166666666668 0.023148148148148147
1 0.7614583333333333 0.15833333333333333 0.020833333333333332 0.024074074074074074
1 0.7791666666666667 0.15694444444444444 0.017708333333333333 0.021296296296296296
