0 0.65859375 0.23425925925925925 0.10052083333333334 0.03518518518518519
0 0.6552083333333333 0.12962962962962962 0.103125 0.03333333333333333
0 0.65703125 0.2 0.10260416666666666 0.03518518518518519
0 0.6557291666666667 0.16435185185185186 0.10208333333333333 0.03611111111111111
0 0.65390625 0.09722222222222222 0.10260416666666666 0.03518518518518519
0 0.65390625 0.06157407407407407 0.10260416666666666 0.03611111111111111
1 0.6401041666666667 0.10138888888888889 0.0375 0.01574074074074074
1 0.6385416666666667 0.19768518518518519 0.03125 0.021296296296296296
1 0.6369791666666667 0.06851851851851852 0.035416666666666666 0.016666666666666666
1 0.63515625 0.23981481481481481 0.024479166666666666 0.016666666666666666
1 0.6390625 0.08703703703703704 0.035416666666666666 0.018518518518518517
1 0.6432291666666666 0.16342592592592592 0.04479166666666667 0.021296296296296296
1 0.63671875 0.225 0.0265625 0.016666666666666666
1 0.63515625 0.05462962962962963 0.030729166666666665 0.014814814814814815
1 0.678125 0.16435185185185186 0.026041666666666668 0.017592592592592594
1 0.6653645833333334 0.08888888888888889 0.016145833333333335 0.014814814814814815
1 0.6591145833333333 0.05462962962962963 0.0171875 0.012962962962962963
1 0.6302083333333334 0.1300925925925926 0.01875 0.01574074074074074
1 0.67578125 0.22685185185185186 0.013020833333333334 0.016666666666666666
1 0.6606770833333333 0.22592592592592592 0.016145833333333335 0.014814814814814815
1 0.6450520833333333 0.12916666666666668 0.0140625 0.017592592592592594
