0 0.7481770833333333 0.48055555555555557 0.1359375 0.09259259259259259
0 0.13984375 0.2569444444444444 0.024479166666666666 0.04722222222222222
0 0.6986979166666667 0.25 0.08802083333333334 0.14074074074074075
0 0.6994791666666667 0.35 0.057291666666666664 0.053703703703703705
0 0.7994791666666666 0.38101851851851853 0.05416666666666667 0.10462962962962963
0 0.6994791666666667 0.4009259259259259 0.058333333333333334 0.046296296296296294
0 0.14114583333333333 0.29768518518518516 0.026041666666666668 0.03425925925925926
1 0.6989583333333333 0.3375 0.036458333333333336 0.017592592592592594
1 0.6932291666666667 0.40370370370370373 0.023958333333333335 0.025925925925925925
1 0.6908854166666667 0.35833333333333334 0.0328125 0.016666666666666666
1 0.7161458333333334 0.35694444444444445 0.01875 0.017592592592592594
