0 0.8583333333333333 0.2662037037037037 0.022916666666666665 0.0712962962962963
1 0.6794270833333333 0.39537037037037037 0.08385416666666666 0.040740740740740744
1 0.775 0.38333333333333336 0.065625 0.03888888888888889
1 0.6513020833333333 0.4564814814814815 0.0359375 0.020370370370370372
1 0.68515625 0.45092592592592595 0.030729166666666665 0.016666666666666666
1 0.7307291666666667 0.38981481481481484 0.025 0.025925925925925925
1 0.6869791666666667 0.43425925925925923 0.014583333333333334 0.014814814814814815
1 0.6744791666666666 0.4361111111111111 0.0125 0.014814814814814815
1 0.646875 0.4412037037037037 0.014583333333333334 0.01574074074074074
1 0.659375 0.4375 0.011458333333333333 0.01574074074074074
