0 0.7221354166666667 0.11805555555555555 0.11510416666666666 0.04722222222222222
0 0.60390625 0.21666666666666667 0.043229166666666666 0.07777777777777778
0 0.5497395833333333 0.2662037037037037 0.016145833333333335 0.03981481481481482
0 0.72109375 0.07824074074074074 0.1171875 0.049074074074074076
0 0.7203125 0.038425925925925926 0.115625 0.05092592592592592
0 0.8005208333333333 0.3421296296296296 0.059375 0.10277777777777777
1 0.70078125 0.027777777777777776 0.03697916666666667 0.022222222222222223
1 0.7255208333333333 0.047685185185185185 0.030208333333333334 0.023148148148148147
1 0.6981770833333333 0.07546296296296297 0.0296875 0.025
1 0.6966145833333334 0.04490740740740741 0.0265625 0.021296296296296296
1 0.7158854166666667 0.11574074074074074 0.027604166666666666 0.025925925925925925
1 0.7403645833333333 0.07962962962962963 0.024479166666666666 0.024074074074074074
1 0.0296875 0.18796296296296297 0.03333333333333333 0.027777777777777776
1 0.6934895833333333 0.11388888888888889 0.021354166666666667 0.025925925925925925
1 0.05130208333333333 0.1925925925925926 0.015104166666666667 0.016666666666666666
1 0.7203125 0.07731481481481481 0.016666666666666666 0.025
1 0.63828125 0.24768518518518517 0.018229166666666668 0.125
