0 0.7669270833333334 0.24027777777777778 0.11197916666666667 0.041666666666666664
0 0.7635416666666667 0.12638888888888888 0.1125 0.03981481481481482
0 0.7643229166666666 0.16527777777777777 0.11302083333333333 0.03981481481481482
0 0.7658854166666667 0.2037037037037037 0.11302083333333333 0.04259259259259259
0 0.5627604166666667 0.18472222222222223 0.0265625 0.07314814814814814
0 0.7622395833333333 0.0875 0.11302083333333333 0.03981481481481482
0 0.5236979166666667 0.18564814814814815 0.04739583333333333 0.075
1 0.75078125 0.17175925925925925 0.04114583333333333 0.017592592592592594
1 0.7411458333333333 0.11712962962962963 0.026041666666666668 0.017592592592592594
1 0.7817708333333333 0.2462962962962963 0.04375 0.016666666666666666
1 0.7520833333333333 0.2310185185185185 0.04895833333333333 0.021296296296296296
1 0.7799479166666666 0.1550925925925926 0.034895833333333334 0.017592592592592594
1 0.7450520833333333 0.15555555555555556 0.034895833333333334 0.016666666666666666
1 0.6294270833333333 0.08009259259259259 0.03177083333333333 0.023148148148148147
1 0.74140625 0.2023148148148148 0.024479166666666666 0.019444444444444445
1 0.7708333333333334 0.2013888888888889 0.023958333333333335 0.019444444444444445
1 0.7859375 0.08194444444444444 0.025 0.017592592592592594
1 0.7791666666666667 0.13194444444444445 0.022916666666666665 0.017592592592592594
1 0.7854166666666667 0.23148148148148148 0.026041666666666668 0.016666666666666666
1 0.7401041666666667 0.13287037037037036 0.022916666666666665 0.017592592592592594
1 0.7390625 0.08194444444444444 0.026041666666666668 0.01574074074074074
1 0.7388020833333333 0.24953703703703703 0.0203125 0.01574074074074074
1 0.7565104166666666 0.09490740740740741 0.0171875 0.01574074074074074
1 0.7614583333333333 0.08101851851851852 0.016666666666666666 0.013888888888888888
1 0.73515625 0.09490740740740741 0.021354166666666667 0.013888888888888888
1 0.6330729166666667 0.0962962962962963 0.0234375 0.014814814814814815
1 0.759375 0.13287037037037036 0.015625 0.017592592592592594
1 0.7552083333333334 0.2490740740740741 0.015625 0.016666666666666666
1 0.8346354166666666 0.2111111111111111 0.009895833333333333 0.014814814814814815
