0 0.8653645833333333 0.2152777777777778 0.11614583333333334 0.18055555555555555
0 0.2609375 0.1787037037037037 0.03333333333333333 0.053703703703703705
0 0.5838541666666667 0.1259259259259259 0.03854166666666667 0.06111111111111111
1 0.8666666666666667 0.1875 0.05625 0.028703703703703703
1 0.85625 0.14953703703703702 0.04479166666666667 0.028703703703703703
1 0.83671875 0.27824074074074073 0.0359375 0.026851851851851852
1 0.8700520833333333 0.24814814814814815 0.0578125 0.027777777777777776
1 0.7572916666666667 0.19953703703703704 0.035416666666666666 0.025
1 0.7921875 0.2023148148148148 0.034375 0.023148148148148147
1 0.8755208333333333 0.21203703703703702 0.029166666666666667 0.024074074074074074
1 0.8484375 0.2125 0.01875 0.025
1 0.4739583333333333 0.29398148148148145 0.013541666666666667 0.010185185185185186
1 0.8278645833333333 0.24953703703703703 0.019270833333333334 0.023148148148148147
