0 0.6986979166666667 0.11944444444444445 0.1171875 0.03888888888888889
0 0.69921875 0.1597222222222222 0.11614583333333334 0.03981481481481482
0 0.7002604166666667 0.2 0.11614583333333334 0.03888888888888889
0 0.6979166666666666 0.08009259259259259 0.11666666666666667 0.03796296296296296
0 0.6971354166666667 0.041666666666666664 0.1171875 0.040740740740740744
1 0.70703125 0.04027777777777778 0.06197916666666667 0.026851851851851852
1 0.6901041666666666 0.2763888888888889 0.035416666666666666 0.017592592592592594
1 0.6072916666666667 0.1814814814814815 0.023958333333333335 0.15925925925925927
1 0.5640625 0.3125 0.027083333333333334 0.017592592592592594
1 0.5677083333333334 0.28379629629629627 0.035416666666666666 0.013888888888888888
1 0.6817708333333333 0.15601851851851853 0.0375 0.023148148148148147
1 0.69609375 0.12314814814814815 0.0328125 0.014814814814814815
1 0.69453125 0.11481481481481481 0.025520833333333333 0.012962962962962963
1 0.67109375 0.0787037037037037 0.0234375 0.020370370370370372
1 0.6934895833333333 0.08101851851851852 0.022395833333333334 0.017592592592592594
1 0.6776041666666667 0.2050925925925926 0.03333333333333333 0.021296296296296296
1 0.5328125 0.23935185185185184 0.017708333333333333 0.012037037037037037
1 0.5877604166666667 0.2212962962962963 0.016145833333333335 0.08148148148148149
1 0.70078125 0.2050925925925926 0.0140625 0.019444444444444445
1 0.7096354166666666 0.15462962962962962 0.016145833333333335 0.027777777777777776
