0 0.7541666666666667 0.26805555555555555 0.13020833333333334 0.25462962962962965
0 0.32473958333333336 0.3662037037037037 0.0078125 0.04722222222222222
0 0.7463541666666667 0.47175925925925927 0.1375 0.1675925925925926
1 0.7393229166666667 0.4324074074074074 0.06510416666666667 0.044444444444444446
1 0.74609375 0.26481481481481484 0.0578125 0.09259259259259259
1 0.78359375 0.2884259259259259 0.028645833333333332 0.05462962962962963
1 0.7182291666666667 0.5143518518518518 0.06041666666666667 0.03981481481481482
1 0.7770833333333333 0.5166666666666667 0.057291666666666664 0.044444444444444446
1 0.7388020833333333 0.4736111111111111 0.044270833333333336 0.03796296296296296
1 0.7708333333333334 0.47638888888888886 0.021875 0.03425925925925926
1 0.7833333333333333 0.4388888888888889 0.022916666666666665 0.03333333333333333
