0 0.7700520833333333 0.6027777777777777 0.09635416666666667 0.09074074074074075
0 0.7700520833333333 0.4425925925925926 0.14322916666666666 0.23333333333333334
0 0.6833333333333333 0.29907407407407405 0.022916666666666665 0.046296296296296294
1 0.8393229166666667 0.2152777777777778 0.09739583333333333 0.049074074074074076
1 0.8552083333333333 0.2523148148148148 0.034375 0.021296296296296296
1 0.7708333333333334 0.5962962962962963 0.041666666666666664 0.018518518518518517
1 0.8098958333333334 0.31296296296296294 0.01875 0.011111111111111112
1 0.81328125 0.29953703703703705 0.03802083333333333 0.012037037037037037
1 0.865625 0.275 0.03229166666666667 0.014814814814814815
1 0.8658854166666666 0.30324074074074076 0.0328125 0.021296296296296296
1 0.84375 0.275 0.025 0.014814814814814815
1 0.7838541666666666 0.625462962962963 0.022916666666666665 0.028703703703703703
1 0.7583333333333333 0.6240740740740741 0.03125 0.02962962962962963
