0 0.7140625 0.2037037037037037 0.12604166666666666 0.044444444444444446
0 0.7138020833333333 0.07592592592592592 0.1265625 0.046296296296296294
0 0.7140625 0.16203703703703703 0.12604166666666666 0.044444444444444446
0 0.59140625 0.3143518518518518 0.0234375 0.04351851851851852
0 0.71328125 0.03564814814814815 0.1265625 0.04722222222222222
1 0.24947916666666667 0.22314814814814815 0.10208333333333333 0.07777777777777778
1 0.56875 0.25416666666666665 0.04583333333333333 0.03611111111111111
1 0.6927083333333334 0.10648148148148148 0.03958333333333333 0.020370370370370372
1 0.6921875 0.12546296296296297 0.041666666666666664 0.019444444444444445
1 0.6955729166666667 0.20185185185185187 0.04635416666666667 0.022222222222222223
1 0.7208333333333333 0.07592592592592592 0.053125 0.027777777777777776
1 0.7354166666666667 0.20462962962962963 0.03125 0.018518518518518517
1 0.68828125 0.033796296296296297 0.03177083333333333 0.021296296296296296
1 0.68203125 0.15925925925925927 0.022395833333333334 0.022222222222222223
1 0.6833333333333333 0.075 0.022916666666666665 0.020370370370370372
1 0.7140625 0.03518518518518519 0.019791666666666666 0.018518518518518517
1 0.72109375 0.12685185185185185 0.019270833333333334 0.018518518518518517
1 0.7328125 0.03564814814814815 0.015625 0.019444444444444445
1 0.7020833333333333 0.1597222222222222 0.016666666666666666 0.021296296296296296
