0 0.7684895833333333 0.11990740740740741 0.1015625 0.03611111111111111
0 0.76875 0.15416666666666667 0.10104166666666667 0.03796296296296296
0 0.7692708333333333 0.1884259259259259 0.1 0.03796296296296296
0 0.76953125 0.22407407407407406 0.10052083333333334 0.040740740740740744
0 0.5880208333333333 0.24768518518518517 0.021875 0.06018518518518518
1 0.18880208333333334 0.07037037037037037 0.0765625 0.025925925925925925
1 0.14505208333333333 0.03518518518518519 0.0453125 0.03148148148148148
1 0.4596354166666667 0.04953703703703704 0.06197916666666667 0.019444444444444445
1 0.75625 0.14583333333333334 0.035416666666666666 0.017592592592592594
1 0.21223958333333334 0.02638888888888889 0.07239583333333334 0.03425925925925926
1 0.7513020833333334 0.11851851851851852 0.030729166666666665 0.018518518518518517
1 0.478125 0.013888888888888888 0.052083333333333336 0.024074074074074074
1 0.75625 0.22407407407407406 0.041666666666666664 0.022222222222222223
1 0.32317708333333334 0.017592592592592594 0.04010416666666667 0.027777777777777776
1 0.7526041666666666 0.16064814814814815 0.03333333333333333 0.017592592592592594
1 0.33880208333333334 0.05787037037037037 0.043229166666666666 0.021296296296296296
1 0.27057291666666666 0.02175925925925926 0.0421875 0.028703703703703703
1 0.29739583333333336 0.06111111111111111 0.027083333333333334 0.022222222222222223
1 0.26848958333333334 0.06342592592592593 0.0296875 0.021296296296296296
1 0.7716145833333333 0.18287037037037038 0.024479166666666666 0.017592592592592594
1 0.7458333333333333 0.18009259259259258 0.021875 0.01574074074074074
1 0.74296875 0.19444444444444445 0.013020833333333334 0.012962962962962963
1 0.7856770833333333 0.16203703703703703 0.024479166666666666 0.016666666666666666
1 0.3692708333333333 0.056018518518518516 0.01875 0.019444444444444445
1 0.4239583333333333 0.013425925925925926 0.03958333333333333 0.026851851851851852
1 0.41770833333333335 0.05277777777777778 0.025 0.016666666666666666
1 0.7578125 0.19583333333333333 0.016666666666666666 0.012037037037037037
1 0.7802083333333333 0.22685185185185186 0.015625 0.018518518518518517
1 0.37604166666666666 0.015277777777777777 0.015625 0.023148148148148147
1 0.4036458333333333 0.35694444444444445 0.017708333333333333 0.017592592592592594
1 0.359375 0.015277777777777777 0.014583333333333334 0.025
