0 0.8434895833333333 0.46620370370370373 0.11510416666666666 0.1824074074074074
1 0.7666666666666667 0.4097222222222222 0.041666666666666664 0.01574074074074074
1 0.6520833333333333 0.4842592592592593 0.027083333333333334 0.012962962962962963
1 0.76484375 0.37824074074074077 0.04010416666666667 0.017592592592592594
1 0.8028645833333333 0.3907407407407407 0.03177083333333333 0.014814814814814815
1 0.8018229166666667 0.37453703703703706 0.030729166666666665 0.01574074074074074
1 0.765625 0.3939814814814815 0.0375 0.01574074074074074
1 0.6200520833333333 0.3726851851851852 0.033854166666666664 0.01574074074074074
1 0.7075520833333333 0.3907407407407407 0.04635416666666667 0.027777777777777776
1 0.7106770833333333 0.44907407407407407 0.021354166666666667 0.011111111111111112
1 0.6557291666666667 0.5078703703703704 0.020833333333333332 0.017592592592592594
1 0.7614583333333333 0.42592592592592593 0.03125 0.014814814814814815
1 0.6208333333333333 0.3902777777777778 0.027083333333333334 0.01574074074074074
1 0.7841145833333333 0.42407407407407405 0.0203125 0.014814814814814815
1 0.7895833333333333 0.4439814814814815 0.015625 0.013888888888888888
1 0.6763020833333333 0.45092592592592595 0.0140625 0.009259259259259259
1 0.7708333333333334 0.4449074074074074 0.020833333333333332 0.010185185185185186
1 0.6932291666666667 0.45046296296296295 0.019791666666666666 0.010185185185185186
1 0.8041666666666667 0.4060185185185185 0.026041666666666668 0.013888888888888888
1 0.6260416666666667 0.5027777777777778 0.01875 0.016666666666666666
1 0.7434895833333334 0.44583333333333336 0.0140625 0.012037037037037037
