0 0.7536458333333333 0.2953703703703704 0.153125 0.07592592592592592
0 0.7549479166666667 0.23935185185185184 0.1546875 0.07685185185185185
0 0.7578125 0.12824074074074074 0.15520833333333334 0.08055555555555556
0 0.7565104166666666 0.18425925925925926 0.1546875 0.07962962962962963
1 0.7377604166666667 0.18981481481481483 0.06197916666666667 0.037037037037037035
1 0.7330729166666666 0.13518518518518519 0.049479166666666664 0.03333333333333333
1 0.7291666666666666 0.1638888888888889 0.04479166666666667 0.03333333333333333
1 0.7286458333333333 0.10972222222222222 0.040625 0.032407407407407406
1 0.7794270833333333 0.287962962962963 0.05260416666666667 0.03333333333333333
1 0.7802083333333333 0.25462962962962965 0.052083333333333336 0.02962962962962963
1 0.7322916666666667 0.22268518518518518 0.04791666666666667 0.030555555555555555
1 0.7802083333333333 0.2310185185185185 0.04895833333333333 0.032407407407407406
1 0.7369791666666666 0.3060185185185185 0.057291666666666664 0.032407407407407406
1 0.73125 0.24722222222222223 0.05 0.02962962962962963
1 0.7294270833333333 0.2796296296296296 0.0515625 0.03333333333333333
1 0.6260416666666667 0.2740740740740741 0.053125 0.024074074074074074
1 0.6221354166666667 0.30324074074074076 0.034895833333333334 0.021296296296296296
