0 0.7330729166666666 0.32685185185185184 0.09635416666666667 0.1111111111111111
0 0.7356770833333334 0.19768518518518519 0.09427083333333333 0.15833333333333333
0 0.28072916666666664 0.48935185185185187 0.03229166666666667 0.05462962962962963
0 0.28125 0.42685185185185187 0.05 0.07592592592592592
1 0.34713541666666664 0.5074074074074074 0.030729166666666665 0.014814814814814815
1 0.7546875 0.29074074074074074 0.03854166666666667 0.016666666666666666
1 0.28125 0.49444444444444446 0.017708333333333333 0.022222222222222223
1 0.28046875 0.47129629629629627 0.0171875 0.011111111111111112
1 0.7403645833333333 0.3421296296296296 0.030729166666666665 0.013888888888888888
1 0.7236979166666667 0.36018518518518516 0.028645833333333332 0.014814814814814815
1 0.7078125 0.29259259259259257 0.035416666666666666 0.018518518518518517
1 0.27708333333333335 0.5291666666666667 0.013541666666666667 0.013888888888888888
1 0.7216145833333333 0.3087962962962963 0.025520833333333333 0.01574074074074074
1 0.7450520833333333 0.3087962962962963 0.022395833333333334 0.013888888888888888
1 0.71875 0.32592592592592595 0.016666666666666666 0.014814814814814815
1 0.7463541666666667 0.3597222222222222 0.014583333333333334 0.013888888888888888
1 0.7317708333333334 0.32592592592592595 0.01875 0.014814814814814815
1 0.7013020833333333 0.32592592592592595 0.013020833333333334 0.014814814814814815
1 0.7640625 0.32407407407407407 0.0125 0.016666666666666666
1 0.71796875 0.3435185185185185 0.009895833333333333 0.014814814814814815
1 0.7502604166666667 0.324537037037037 0.013020833333333334 0.017592592592592594
1 0.7322916666666667 0.2912037037037037 0.013541666666666667 0.013888888888888888
1 0.70859375 0.3439814814814815 0.008854166666666666 0.012037037037037037
