0 0.0734375 0.34074074074074073 0.11041666666666666 0.03888888888888889
0 0.07369791666666667 0.31203703703703706 0.11197916666666667 0.040740740740740744
0 0.19609375 0.25 0.0984375 0.05740740740740741
0 0.19322916666666667 0.38287037037037036 0.10208333333333333 0.049074074074074076
0 0.19505208333333332 0.22592592592592592 0.09739583333333333 0.05925925925925926
0 0.19348958333333333 0.35694444444444445 0.09739583333333333 0.04722222222222222
0 0.19453125 0.3277777777777778 0.09739583333333333 0.05
0 0.19427083333333334 0.30277777777777776 0.09583333333333334 0.05
0 0.1953125 0.2763888888888889 0.096875 0.05462962962962963
1 0.18619791666666666 0.2962962962962963 0.044270833333333336 0.020370370370370372
1 0.18463541666666666 0.24212962962962964 0.0390625 0.023148148148148147
1 0.05520833333333333 0.3148148148148148 0.034375 0.016666666666666666
1 0.37734375 0.5342592592592592 0.028645833333333332 0.016666666666666666
1 0.20598958333333334 0.2791666666666667 0.03177083333333333 0.021296296296296296
1 0.05859375 0.3388888888888889 0.0421875 0.018518518518518517
1 0.05651041666666667 0.36203703703703705 0.03697916666666667 0.016666666666666666
1 0.18229166666666666 0.3527777777777778 0.036458333333333336 0.018518518518518517
1 0.17942708333333332 0.2513888888888889 0.0296875 0.019444444444444445
1 0.18203125 0.21388888888888888 0.03177083333333333 0.020370370370370372
1 0.02578125 0.45 0.013020833333333334 0.06666666666666667
1 0.0953125 0.3648148148148148 0.03229166666666667 0.014814814814814815
1 0.09661458333333334 0.3425925925925926 0.0328125 0.016666666666666666
1 0.18229166666666666 0.3060185185185185 0.0375 0.017592592592592594
1 0.05390625 0.30277777777777776 0.033854166666666664 0.014814814814814815
1 0.18046875 0.22592592592592592 0.030729166666666665 0.020370370370370372
1 0.378125 0.4685185185185185 0.025 0.011111111111111112
1 0.5481770833333334 0.5393518518518519 0.024479166666666666 0.012037037037037037
1 0.5455729166666666 0.48842592592592593 0.024479166666666666 0.012037037037037037
1 0.21041666666666667 0.37962962962962965 0.028125 0.016666666666666666
1 0.2828125 0.4203703703703704 0.025 0.011111111111111112
1 0.20703125 0.3314814814814815 0.024479166666666666 0.016666666666666666
1 0.17942708333333332 0.37407407407407406 0.033854166666666664 0.016666666666666666
1 0.0578125 0.3731481481481482 0.021875 0.012962962962962963
1 0.178125 0.27314814814814814 0.025 0.018518518518518517
1 0.3125 0.45092592592592595 0.030208333333333334 0.03148148148148148
1 0.08151041666666667 0.3060185185185185 0.0265625 0.01574074074074074
1 0.31484375 0.4236111111111111 0.0203125 0.010185185185185186
1 0.30703125 0.5199074074074074 0.0234375 0.013888888888888888
1 0.23072916666666668 0.48009259259259257 0.01875 0.012037037037037037
1 0.375 0.45787037037037037 0.021875 0.010185185185185186
1 0.22395833333333334 0.4666666666666667 0.023958333333333335 0.012962962962962963
1 0.18307291666666667 0.32731481481481484 0.019270833333333334 0.01574074074074074
1 0.37395833333333334 0.49907407407407406 0.016666666666666666 0.014814814814814815
1 0.30078125 0.5101851851851852 0.019270833333333334 0.012962962962962963
1 0.20364583333333333 0.22083333333333333 0.016666666666666666 0.01574074074074074
1 0.21432291666666667 0.4791666666666667 0.015104166666666667 0.013888888888888888
1 0.59296875 0.4527777777777778 0.015104166666666667 0.012962962962962963
1 0.07109375 0.37407407407407406 0.019270833333333334 0.011111111111111112
1 0.22369791666666666 0.45694444444444443 0.021354166666666667 0.012037037037037037
1 0.28151041666666665 0.44814814814814813 0.0296875 0.027777777777777776
1 0.20755208333333333 0.3574074074074074 0.015104166666666667 0.014814814814814815
1 0.17057291666666666 0.325 0.0109375 0.014814814814814815
1 0.0265625 0.4912037037037037 0.0125 0.049074074074074076
1 0.15546875 0.37916666666666665 0.015104166666666667 0.013888888888888888
1 0.17942708333333332 0.3851851851851852 0.030729166666666665 0.012962962962962963
1 0.38645833333333335 0.49907407407407406 0.009375 0.014814814814814815
1 0.2859375 0.5189814814814815 0.010416666666666666 0.013888888888888888
1 0.11901041666666666 0.375 0.0140625 0.012962962962962963
