0 0.825 0.43703703703703706 0.08645833333333333 0.14629629629629629
0 0.8203125 0.5444444444444444 0.08645833333333333 0.07592592592592592
0 0.55546875 0.5425925925925926 0.028645833333333332 0.05
0 0.55703125 0.4986111111111111 0.04739583333333333 0.04722222222222222
1 0.8127604166666667 0.5291666666666667 0.0453125 0.025
1 0.821875 0.46620370370370373 0.021875 0.028703703703703703
1 0.5549479166666667 0.5439814814814815 0.027604166666666666 0.05092592592592592
1 0.8364583333333333 0.5587962962962963 0.035416666666666666 0.023148148148148147
1 0.5638020833333334 0.4986111111111111 0.028645833333333332 0.021296296296296296
1 0.80078125 0.5578703703703703 0.0328125 0.025
1 0.5424479166666667 0.49583333333333335 0.013020833333333334 0.023148148148148147
1 0.8440104166666667 0.5291666666666667 0.0171875 0.023148148148148147
