0 0.88046875 0.27314814814814814 0.1390625 0.06666666666666667
0 0.8786458333333333 0.3194444444444444 0.13958333333333334 0.07222222222222222
0 0.8825520833333333 0.22685185185185186 0.14010416666666667 0.07037037037037037
1 0.8604166666666667 0.25972222222222224 0.05 0.030555555555555555
1 0.8575520833333333 0.32546296296296295 0.0484375 0.028703703703703703
1 0.85546875 0.3055555555555556 0.0453125 0.02962962962962963
1 0.8549479166666667 0.27824074074074073 0.043229166666666666 0.026851851851851852
1 0.8682291666666667 0.2111111111111111 0.06354166666666666 0.03333333333333333
1 0.8627604166666667 0.23148148148148148 0.05364583333333333 0.03148148148148148
1 0.9044270833333333 0.23796296296296296 0.034895833333333334 0.024074074074074074
1 0.9065104166666667 0.2175925925925926 0.0296875 0.020370370370370372
1 0.27734375 0.26481481481481484 0.022395833333333334 0.014814814814814815
