0 0.084375 0.4703703703703704 0.025 0.05925925925925926
0 0.08125 0.4115740740740741 0.04479166666666667 0.06018518518518518
0 0.5588541666666667 0.4444444444444444 0.025 0.04814814814814815
0 0.22578125 0.43657407407407406 0.0296875 0.04722222222222222
1 0.13776041666666666 0.32546296296296295 0.0734375 0.03796296296296296
1 0.80546875 0.5013888888888889 0.0484375 0.023148148148148147
1 0.80625 0.4791666666666667 0.042708333333333334 0.026851851851851852
1 0.8065104166666667 0.6226851851851852 0.044270833333333336 0.025
1 0.8057291666666667 0.5638888888888889 0.05520833333333333 0.024074074074074074
1 0.8065104166666667 0.45694444444444443 0.04010416666666667 0.025
1 0.81015625 0.5254629629629629 0.021354166666666667 0.021296296296296296
1 0.7903645833333334 0.537962962962963 0.0171875 0.014814814814814815
1 0.1390625 0.43657407407407406 0.03125 0.01574074074074074
1 0.16536458333333334 0.43657407407407406 0.018229166666666668 0.013888888888888888
1 0.16901041666666666 0.35462962962962963 0.018229166666666668 0.014814814814814815
1 0.10833333333333334 0.3523148148148148 0.021875 0.013888888888888888
1 0.13385416666666666 0.3523148148148148 0.029166666666666667 0.01574074074074074
1 0.15338541666666666 0.35324074074074074 0.0140625 0.013888888888888888
1 0.11927083333333334 0.43842592592592594 0.013541666666666667 0.01574074074074074
1 0.8114583333333333 0.5925925925925926 0.040625 0.03518518518518519
1 0.16484375 0.4486111111111111 0.022395833333333334 0.013888888888888888
