0 0.7588541666666667 0.3990740740740741 0.06041666666666667 0.09814814814814815
0 0.8841145833333334 0.3972222222222222 0.15989583333333332 0.07592592592592592
0 0.8786458333333333 0.5046296296296297 0.15729166666666666 0.05740740740740741
0 0.8807291666666667 0.45046296296296295 0.159375 0.062037037037037036
0 0.6080729166666666 0.4875 0.019270833333333334 0.028703703703703703
1 0.8463541666666666 0.4638888888888889 0.040625 0.022222222222222223
1 0.8567708333333334 0.40324074074074073 0.06041666666666667 0.030555555555555555
1 0.8760416666666667 0.5027777777777778 0.04791666666666667 0.024074074074074074
1 0.8463541666666666 0.44351851851851853 0.041666666666666664 0.020370370370370372
1 0.9013020833333333 0.3962962962962963 0.0296875 0.025925925925925925
1 0.8802083333333334 0.44027777777777777 0.025 0.023148148148148147
1 0.8361979166666667 0.5018518518518519 0.027604166666666666 0.022222222222222223
1 0.7565104166666666 0.3962962962962963 0.04114583333333333 0.06851851851851852
