0 0.6651041666666667 0.4027777777777778 0.051041666666666666 0.09074074074074075
0 0.8817708333333333 0.36712962962962964 0.06145833333333333 0.08055555555555556
0 0.88046875 0.4398148148148148 0.058854166666666666 0.040740740740740744
1 0.4239583333333333 0.11481481481481481 0.09166666666666666 0.03888888888888889
1 0.02890625 0.35 0.03177083333333333 0.018518518518518517
1 0.42265625 0.15092592592592594 0.06927083333333334 0.03888888888888889
1 0.02109375 0.37037037037037035 0.033854166666666664 0.016666666666666666
1 0.86953125 0.4375 0.0328125 0.021296296296296296
1 0.5341145833333333 0.08287037037037037 0.044270833333333336 0.05462962962962963
1 0.024739583333333332 0.36018518518518516 0.030729166666666665 0.016666666666666666
1 0.37942708333333336 0.06435185185185185 0.0203125 0.013888888888888888
1 0.4390625 0.07453703703703704 0.016666666666666666 0.012037037037037037
1 0.40572916666666664 0.0699074074074074 0.020833333333333332 0.01574074074074074
1 0.40651041666666665 0.08703703703703704 0.024479166666666666 0.018518518518518517
1 0.3890625 0.08287037037037037 0.020833333333333332 0.01574074074074074
1 0.89765625 0.43842592592592594 0.018229166666666668 0.021296296296296296
1 0.43671875 0.08935185185185185 0.024479166666666666 0.01574074074074074
1 0.37135416666666665 0.08009259259259259 0.016666666666666666 0.013888888888888888
1 0.3690104166666667 0.10324074074074074 0.08385416666666666 0.04537037037037037
