0 0.8166666666666667 0.47824074074074074 0.12083333333333333 0.04722222222222222
0 0.81875 0.4310185185185185 0.12083333333333333 0.05092592592592592
0 0.8203125 0.38657407407407407 0.12083333333333333 0.062037037037037036
0 0.72265625 0.3861111111111111 0.05260416666666667 0.08518518518518518
0 0.6005208333333333 0.4638888888888889 0.017708333333333333 0.027777777777777776
1 0.7916666666666666 0.44212962962962965 0.03229166666666667 0.017592592592592594
1 0.7989583333333333 0.3912037037037037 0.04583333333333333 0.025
1 0.7921875 0.425 0.03125 0.018518518518518517
1 0.815625 0.475 0.034375 0.018518518518518517
1 0.81796875 0.4222222222222222 0.018229166666666668 0.020370370370370372
1 0.784375 0.475462962962963 0.020833333333333332 0.019444444444444445
1 0.8338541666666667 0.38564814814814813 0.021875 0.021296296296296296
1 0.7223958333333333 0.3861111111111111 0.036458333333333336 0.06111111111111111
