0 0.8434895833333333 0.6467592592592593 0.0359375 0.20833333333333334
1 0.05755208333333333 0.625462962962963 0.028645833333333332 0.030555555555555555
1 0.053385416666666664 0.5398148148148149 0.025520833333333333 0.037037037037037035
1 0.07291666666666667 0.5893518518518519 0.051041666666666666 0.04537037037037037
1 0.08359375 0.5587962962962963 0.0265625 0.032407407407407406
1 0.0765625 0.5319444444444444 0.026041666666666668 0.026851851851851852
1 0.6921875 0.5717592592592593 0.025 0.032407407407407406
1 0.08984375 0.6097222222222223 0.025520833333333333 0.025
1 0.07578125 0.6439814814814815 0.021354166666666667 0.028703703703703703
1 0.05625 0.5689814814814815 0.025 0.03425925925925926
1 0.7033854166666667 0.6092592592592593 0.0234375 0.037037037037037035
1 0.05963541666666667 0.6537037037037037 0.0203125 0.03333333333333333
1 0.68828125 0.5902777777777778 0.0171875 0.028703703703703703
