0 0.06197916666666667 0.37916666666666665 0.08229166666666667 0.026851851851851852
0 0.2596354166666667 0.39351851851851855 0.0828125 0.04259259259259259
0 0.26067708333333334 0.3712962962962963 0.08072916666666667 0.040740740740740744
0 0.26119791666666664 0.34675925925925927 0.08177083333333333 0.04537037037037037
0 0.26171875 0.325 0.08072916666666667 0.04259259259259259
0 0.2625 0.29953703703703705 0.08229166666666667 0.04351851851851852
0 0.2630208333333333 0.2550925925925926 0.08333333333333333 0.049074074074074076
0 0.16067708333333333 0.36064814814814816 0.09322916666666667 0.03796296296296296
0 0.26197916666666665 0.2777777777777778 0.08229166666666667 0.046296296296296294
0 0.1609375 0.3347222222222222 0.09270833333333334 0.03796296296296296
1 0.253125 0.2712962962962963 0.03333333333333333 0.018518518518518517
1 0.25494791666666666 0.31805555555555554 0.03697916666666667 0.01574074074074074
1 0.05703125 0.4023148148148148 0.030729166666666665 0.019444444444444445
1 0.05677083333333333 0.42685185185185187 0.052083333333333336 0.020370370370370372
1 0.1484375 0.3587962962962963 0.034375 0.01574074074074074
1 0.5786458333333333 0.5375 0.022916666666666665 0.012037037037037037
1 0.05703125 0.3787037037037037 0.04114583333333333 0.022222222222222223
1 0.35494791666666664 0.5175925925925926 0.019270833333333334 0.011111111111111112
1 0.14661458333333333 0.3384259259259259 0.027604166666666666 0.013888888888888888
1 0.25078125 0.24583333333333332 0.025520833333333333 0.01574074074074074
1 0.05807291666666667 0.45092592592592595 0.027604166666666666 0.018518518518518517
1 0.17942708333333332 0.36064814814814816 0.027604166666666666 0.013888888888888888
1 0.4203125 0.5319444444444444 0.025 0.01574074074074074
1 0.5760416666666667 0.49027777777777776 0.023958333333333335 0.012037037037037037
1 0.2713541666666667 0.3023148148148148 0.027083333333333334 0.017592592592592594
1 0.15026041666666667 0.3888888888888889 0.0265625 0.012962962962962963
1 0.42109375 0.47129629629629627 0.021354166666666667 0.011111111111111112
1 0.24765625 0.38842592592592595 0.027604166666666666 0.013888888888888888
1 0.24739583333333334 0.3449074074074074 0.015625 0.013888888888888888
1 0.12213541666666666 0.4564814814814815 0.0109375 0.06296296296296296
1 0.25026041666666665 0.3675925925925926 0.030729166666666665 0.016666666666666666
1 0.24713541666666666 0.2972222222222222 0.0203125 0.014814814814814815
1 0.27109375 0.3486111111111111 0.019270833333333334 0.013888888888888888
1 0.27369791666666665 0.39166666666666666 0.024479166666666666 0.014814814814814815
1 0.14557291666666666 0.32685185185185184 0.0265625 0.012962962962962963
1 0.28411458333333334 0.4601851851851852 0.022395833333333334 0.012962962962962963
1 0.14713541666666666 0.37962962962962965 0.0328125 0.014814814814814815
1 0.28932291666666665 0.48148148148148145 0.0171875 0.011111111111111112
1 0.3619791666666667 0.4550925925925926 0.029166666666666667 0.028703703703703703
1 0.41848958333333336 0.4615740740740741 0.018229166666666668 0.010185185185185186
1 0.35234375 0.5106481481481482 0.016145833333333335 0.010185185185185186
1 0.17838541666666666 0.38101851851851853 0.027604166666666666 0.013888888888888888
1 0.6208333333333333 0.45694444444444443 0.014583333333333334 0.012037037037037037
1 0.2520833333333333 0.32685185185185184 0.034375 0.012962962962962963
1 0.33645833333333336 0.42777777777777776 0.022916666666666665 0.011111111111111112
1 0.2682291666666667 0.25046296296296294 0.014583333333333334 0.013888888888888888
1 0.4171875 0.49907407407407406 0.015625 0.014814814814814815
1 0.25 0.25555555555555554 0.028125 0.018518518518518517
1 0.271875 0.37222222222222223 0.0125 0.012962962962962963
1 0.27760416666666665 0.4810185185185185 0.0125 0.012037037037037037
1 0.16744791666666667 0.3296296296296296 0.021354166666666667 0.012962962962962963
1 0.19713541666666667 0.38796296296296295 0.011979166666666667 0.012962962962962963
1 0.33671875 0.45416666666666666 0.0265625 0.028703703703703703
1 0.4278645833333333 0.49907407407407406 0.0109375 0.014814814814814815
1 0.34036458333333336 0.5171296296296296 0.009895833333333333 0.010185185185185186
1 0.36484375 0.4300925925925926 0.019270833333333334 0.012037037037037037
1 0.22890625 0.3925925925925926 0.011979166666666667 0.011111111111111112
1 0.2869791666666667 0.4699074074074074 0.019791666666666666 0.010185185185185186
1 0.24401041666666667 0.3962962962962963 0.027604166666666666 0.014814814814814815
