0 0.82421875 0.40555555555555556 0.08072916666666667 0.1259259259259259
0 0.8223958333333333 0.5097222222222222 0.08125 0.08796296296296297
0 0.05755208333333333 0.5208333333333334 0.11510416666666666 0.04351851851851852
1 0.8200520833333333 0.40694444444444444 0.04739583333333333 0.05092592592592592
1 0.8143229166666667 0.48657407407407405 0.044270833333333336 0.021296296296296296
1 0.03854166666666667 0.5199074074074074 0.06770833333333333 0.032407407407407406
1 0.8065104166666667 0.5314814814814814 0.03177083333333333 0.020370370370370372
1 0.8151041666666666 0.5097222222222222 0.03958333333333333 0.019444444444444445
1 0.83828125 0.5314814814814814 0.028645833333333332 0.020370370370370372
1 0.8421875 0.5092592592592593 0.015625 0.022222222222222223
1 0.8447916666666667 0.4847222222222222 0.017708333333333333 0.021296296296296296
