0 0.6971354166666667 0.5375 0.08177083333333333 0.06574074074074074
0 0.70859375 0.21435185185185185 0.12239583333333333 0.18055555555555555
0 0.7002604166666667 0.4740740740740741 0.08385416666666666 0.07777777777777778
0 0.017447916666666667 0.48703703703703705 0.03177083333333333 0.02962962962962963
0 0.018229166666666668 0.4439814814814815 0.03229166666666667 0.05648148148148148
1 0.6997395833333333 0.45925925925925926 0.050520833333333334 0.027777777777777776
1 0.49895833333333334 0.5884259259259259 0.06145833333333333 0.023148148148148147
1 0.7002604166666667 0.3712962962962963 0.0703125 0.12037037037037036
1 0.6989583333333333 0.4842592592592593 0.030208333333333334 0.025925925925925925
1 0.68828125 0.5412037037037037 0.0296875 0.03425925925925926
1 0.7153645833333333 0.5462962962962963 0.0203125 0.02962962962962963
