0 0.8252604166666667 0.28425925925925927 0.2755208333333333 0.28888888888888886
1 0.8140625 0.1763888888888889 0.08125 0.025
1 0.81328125 0.20185185185185187 0.08072916666666667 0.027777777777777776
1 0.8528645833333334 0.25925925925925924 0.03697916666666667 0.027777777777777776
1 0.72578125 0.28888888888888886 0.050520833333333334 0.025925925925925925
1 0.9072916666666667 0.2916666666666667 0.057291666666666664 0.03148148148148148
1 0.76875 0.31666666666666665 0.04375 0.024074074074074074
1 0.7229166666666667 0.3138888888888889 0.04479166666666667 0.024074074074074074
1 0.9002604166666667 0.31851851851851853 0.04635416666666667 0.025925925925925925
1 0.8544270833333333 0.3162037037037037 0.04010416666666667 0.025
1 0.8552083333333333 0.29074074074074074 0.03958333333333333 0.024074074074074074
1 0.7635416666666667 0.2902777777777778 0.014583333333333334 0.017592592592592594
