0 0.7182291666666667 0.21666666666666667 0.10416666666666667 0.037037037037037035
0 0.7182291666666667 0.2523148148148148 0.10416666666666667 0.03796296296296296
0 0.7184895833333333 0.03935185185185185 0.1046875 0.03611111111111111
0 0.7184895833333333 0.18055555555555555 0.1046875 0.040740740740740744
0 0.7184895833333333 0.1439814814814815 0.1046875 0.03981481481481482
0 0.71875 0.11018518518518519 0.10416666666666667 0.03888888888888889
0 0.7184895833333333 0.07407407407407407 0.1046875 0.03888888888888889
0 0.25 0.33240740740740743 0.06666666666666667 0.05555555555555555
1 0.7044270833333334 0.0787037037037037 0.03697916666666667 0.016666666666666666
1 0.2421875 0.33240740740740743 0.030208333333333334 0.014814814814814815
1 0.7049479166666667 0.15138888888888888 0.0359375 0.01574074074074074
1 0.7192708333333333 0.2222222222222222 0.04479166666666667 0.018518518518518517
1 0.70078125 0.044444444444444446 0.03177083333333333 0.016666666666666666
1 0.6997395833333333 0.1699074074074074 0.03177083333333333 0.017592592592592594
1 0.6981770833333333 0.18564814814814815 0.027604166666666666 0.017592592592592594
1 0.6979166666666666 0.03009259259259259 0.026041666666666668 0.017592592592592594
1 0.2375 0.34675925925925927 0.027083333333333334 0.01574074074074074
1 0.69296875 0.2439814814814815 0.019270833333333334 0.01574074074074074
1 0.6979166666666666 0.062037037037037036 0.026041666666666668 0.016666666666666666
1 0.23489583333333333 0.31851851851851853 0.023958333333333335 0.014814814814814815
1 0.7354166666666667 0.10138888888888889 0.03333333333333333 0.017592592592592594
1 0.7010416666666667 0.11527777777777778 0.030208333333333334 0.017592592592592594
1 0.7013020833333333 0.10046296296296296 0.030729166666666665 0.017592592592592594
1 0.7346354166666667 0.11666666666666667 0.0328125 0.016666666666666666
1 0.69921875 0.13518518518518519 0.0296875 0.016666666666666666
1 0.690625 0.25833333333333336 0.015625 0.014814814814814815
1 0.7192708333333333 0.2074074074074074 0.022916666666666665 0.016666666666666666
1 0.69453125 0.20601851851851852 0.018229166666666668 0.01574074074074074
1 0.2171875 0.36898148148148147 0.022916666666666665 0.013888888888888888
1 0.7197916666666667 0.13657407407407407 0.01875 0.01574074074074074
1 0.2526041666666667 0.31805555555555554 0.015625 0.012037037037037037
