0 0.7924479166666667 0.41898148148148145 0.09322916666666667 0.14722222222222223
0 0.7932291666666667 0.5398148148148149 0.08541666666666667 0.08518518518518518
0 0.7020833333333333 0.8416666666666667 0.14375 0.2351851851851852
0 0.053125 0.8282407407407407 0.022916666666666665 0.049074074074074076
1 0.04375 0.7921296296296296 0.058333333333333334 0.041666666666666664
1 0.030729166666666665 0.762962962962963 0.04791666666666667 0.04259259259259259
1 0.7786458333333334 0.5273148148148148 0.017708333333333333 0.010185185185185186
1 0.6869791666666667 0.8361111111111111 0.014583333333333334 0.012962962962962963
1 0.8059895833333334 0.525 0.018229166666666668 0.007407407407407408
1 0.6973958333333333 0.8467592592592592 0.017708333333333333 0.01574074074074074
1 0.7963541666666667 0.5375 0.015625 0.008333333333333333
1 0.6822916666666666 0.8486111111111111 0.0125 0.013888888888888888
