0 0.8041666666666667 0.1648148148148148 0.11041666666666666 0.05740740740740741
0 0.8036458333333333 0.12407407407407407 0.11145833333333334 0.05925925925925926
0 0.8028645833333333 0.08194444444444444 0.11197916666666667 0.06018518518518518
0 0.8036458333333333 0.2064814814814815 0.11041666666666666 0.05555555555555555
0 0.8033854166666666 0.24814814814814815 0.1109375 0.05555555555555555
1 0.9153645833333334 0.0375 0.0859375 0.08981481481481482
1 0.7888020833333333 0.08564814814814815 0.0328125 0.025
1 0.7901041666666667 0.1287037037037037 0.03229166666666667 0.020370370370370372
1 0.78359375 0.16944444444444445 0.0296875 0.022222222222222223
1 0.7830729166666667 0.06712962962962964 0.0328125 0.026851851851851852
1 0.78125 0.20972222222222223 0.028125 0.021296296296296296
1 0.7802083333333333 0.15138888888888888 0.025 0.023148148148148147
1 0.7783854166666667 0.2361111111111111 0.022395833333333334 0.022222222222222223
1 0.7739583333333333 0.25277777777777777 0.022916666666666665 0.024074074074074074
1 0.7859375 0.11018518518518519 0.034375 0.022222222222222223
1 0.7796875 0.19166666666666668 0.023958333333333335 0.020370370370370372
1 0.81171875 0.19675925925925927 0.0234375 0.021296296296296296
1 0.8151041666666666 0.1162037037037037 0.03125 0.023148148148148147
1 0.7953125 0.1925925925925926 0.016666666666666666 0.020370370370370372
