0 0.8341145833333333 0.4444444444444444 0.1015625 0.09074074074074075
0 0.8330729166666667 0.5523148148148148 0.0984375 0.13055555555555556
1 0.8346354166666666 0.5060185185185185 0.08072916666666667 0.030555555555555555
1 0.8338541666666667 0.44212962962962965 0.06041666666666667 0.049074074074074076
1 0.8348958333333333 0.5300925925925926 0.040625 0.017592592592592594
1 0.8325520833333333 0.5782407407407407 0.04739583333333333 0.021296296296296296
1 0.8169270833333333 0.5504629629629629 0.044270833333333336 0.021296296296296296
1 0.82265625 0.600925925925926 0.0328125 0.018518518518518517
1 0.8559895833333333 0.5486111111111112 0.034895833333333334 0.023148148148148147
1 0.8466145833333333 0.600462962962963 0.03177083333333333 0.019444444444444445
