0 0.8145833333333333 0.35138888888888886 0.09895833333333333 0.15648148148148147
0 0.8109375 0.46944444444444444 0.10104166666666667 0.08518518518518518
0 0.15364583333333334 0.4305555555555556 0.027083333333333334 0.09259259259259259
0 0.15520833333333334 0.34675925925925927 0.026041666666666668 0.09166666666666666
1 0.15625 0.3472222222222222 0.020833333333333332 0.03888888888888889
1 0.80234375 0.449537037037037 0.0515625 0.026851851851851852
1 0.8296875 0.4828703703703704 0.041666666666666664 0.025
1 0.7875 0.4791666666666667 0.0375 0.028703703703703703
1 0.15520833333333334 0.4046296296296296 0.014583333333333334 0.016666666666666666
1 0.83828125 0.45 0.018229166666666668 0.024074074074074074
