0 0.325 0.30185185185185187 0.065625 0.03518518518518519
0 0.32317708333333334 0.38425925925925924 0.06614583333333333 0.02962962962962963
0 0.32395833333333335 0.36342592592592593 0.06666666666666667 0.030555555555555555
0 0.32395833333333335 0.3435185185185185 0.065625 0.03148148148148148
0 0.32447916666666665 0.32175925925925924 0.06666666666666667 0.032407407407407406
0 0.32265625 0.40555555555555556 0.06614583333333333 0.02962962962962963
0 0.32526041666666666 0.2810185185185185 0.06614583333333333 0.03611111111111111
1 0.3184895833333333 0.337037037037037 0.028645833333333332 0.014814814814814815
1 0.31640625 0.2949074074074074 0.028645833333333332 0.01574074074074074
1 0.23411458333333332 0.34953703703703703 0.022395833333333334 0.010185185185185186
1 0.08541666666666667 0.41064814814814815 0.042708333333333334 0.019444444444444445
1 0.61015625 0.5351851851851852 0.0234375 0.009259259259259259
1 0.46380208333333334 0.5287037037037037 0.022395833333333334 0.014814814814814815
1 0.15625 0.43657407407407406 0.040625 0.017592592592592594
1 0.08671875 0.38842592592592595 0.0296875 0.017592592592592594
1 0.34401041666666665 0.48333333333333334 0.016145833333333335 0.011111111111111112
1 0.4002604166666667 0.45694444444444443 0.0390625 0.028703703703703703
1 0.15572916666666667 0.39537037037037037 0.034375 0.020370370370370372
1 0.084375 0.43148148148148147 0.030208333333333334 0.018518518518518517
1 0.3143229166666667 0.3824074074074074 0.0265625 0.014814814814814815
1 0.22994791666666667 0.37592592592592594 0.028645833333333332 0.012962962962962963
1 0.33151041666666664 0.3226851851851852 0.022395833333333334 0.01574074074074074
1 0.20651041666666667 0.47453703703703703 0.009895833333333333 0.06759259259259259
1 0.3145833333333333 0.27314814814814814 0.021875 0.012962962962962963
1 0.6072916666666667 0.49027777777777776 0.021875 0.010185185185185186
1 0.15598958333333332 0.41574074074074074 0.025520833333333333 0.018518518518518517
1 0.3346354166666667 0.4027777777777778 0.022395833333333334 0.012962962962962963
1 0.22760416666666666 0.3587962962962963 0.023958333333333335 0.010185185185185186
1 0.40598958333333335 0.5166666666666667 0.018229166666666668 0.011111111111111112
1 0.25338541666666664 0.39537037037037037 0.022395833333333334 0.011111111111111112
1 0.31171875 0.36157407407407405 0.019270833333333334 0.013888888888888888
1 0.31145833333333334 0.4 0.022916666666666665 0.014814814814814815
1 0.07057291666666667 0.45231481481481484 0.024479166666666666 0.01574074074074074
1 0.3111979166666667 0.3194444444444444 0.0171875 0.014814814814814815
1 0.22786458333333334 0.39490740740740743 0.027604166666666666 0.012037037037037037
1 0.33203125 0.36435185185185187 0.018229166666666668 0.013888888888888888
1 0.25494791666666666 0.37777777777777777 0.0234375 0.011111111111111112
1 0.09635416666666667 0.45416666666666666 0.026041666666666668 0.017592592592592594
1 0.40234375 0.5074074074074074 0.015104166666666667 0.009259259259259259
1 0.4627604166666667 0.4981481481481482 0.0140625 0.014814814814814815
1 0.6505208333333333 0.45925925925925926 0.014583333333333334 0.011111111111111112
1 0.3296875 0.3851851851851852 0.015625 0.012962962962962963
1 0.15598958333333332 0.45740740740740743 0.0203125 0.014814814814814815
1 0.3143229166666667 0.3458333333333333 0.0265625 0.013888888888888888
1 0.3294270833333333 0.27685185185185185 0.013020833333333334 0.012962962962962963
1 0.26901041666666664 0.4013888888888889 0.0109375 0.012037037037037037
1 0.3927083333333333 0.5152777777777777 0.008333333333333333 0.010185185185185186
