0 0.8145833333333333 0.26342592592592595 0.1125 0.16018518518518518
0 0.65703125 0.6370370370370371 0.0421875 0.07407407407407407
0 0.8065104166666667 0.40694444444444444 0.0703125 0.10092592592592593
0 0.8049479166666667 0.49398148148148147 0.0703125 0.05648148148148148
1 0.79375 0.4912037037037037 0.03854166666666667 0.028703703703703703
1 0.42734375 0.49953703703703706 0.0265625 0.013888888888888888
1 0.4270833333333333 0.5111111111111111 0.022916666666666665 0.014814814814814815
1 0.4864583333333333 0.49537037037037035 0.023958333333333335 0.011111111111111112
1 0.48671875 0.5111111111111111 0.0171875 0.014814814814814815
1 0.8260416666666667 0.49583333333333335 0.020833333333333332 0.025
