0 0.8572916666666667 0.5078703703703704 0.090625 0.15462962962962962
0 0.84453125 0.33287037037037037 0.11822916666666666 0.1287037037037037
0 0.8494791666666667 0.3958333333333333 0.11666666666666667 0.11203703703703703
0 0.28072916666666664 0.4638888888888889 0.026041666666666668 0.040740740740740744
0 0.2799479166666667 0.5069444444444444 0.025520833333333333 0.04351851851851852
1 0.8583333333333333 0.39490740740740743 0.03854166666666667 0.05648148148148148
1 0.821875 0.4152777777777778 0.03854166666666667 0.049074074074074076
1 0.8419270833333333 0.3421296296296296 0.03697916666666667 0.05277777777777778
1 0.8841145833333334 0.30925925925925923 0.033854166666666664 0.05740740740740741
1 0.28046875 0.5166666666666667 0.015104166666666667 0.011111111111111112
1 0.28125 0.5032407407407408 0.019791666666666666 0.01574074074074074
