0 0.7411458333333333 0.38842592592592595 0.11354166666666667 0.18796296296296297
1 0.7580729166666667 0.562962962962963 0.043229166666666666 0.016666666666666666
1 0.75625 0.5175925925925926 0.0375 0.020370370370370372
1 0.7598958333333333 0.5476851851851852 0.028125 0.01574074074074074
1 0.7424479166666667 0.49953703703703706 0.033854166666666664 0.01574074074074074
1 0.74375 0.5773148148148148 0.03333333333333333 0.013888888888888888
1 0.76796875 0.4981481481481482 0.0203125 0.014814814814814815
1 0.75625 0.5342592592592592 0.019791666666666666 0.012962962962962963
1 0.7684895833333333 0.5777777777777777 0.018229166666666668 0.014814814814814815
1 0.7200520833333334 0.5782407407407407 0.015104166666666667 0.010185185185185186
1 0.77265625 0.5342592592592592 0.015104166666666667 0.012962962962962963
