0 0.07161458333333333 0.4236111111111111 0.0390625 0.05648148148148148
0 0.46171875 0.425462962962963 0.0265625 0.05277777777777778
1 0.70703125 0.4759259259259259 0.044270833333333336 0.024074074074074074
1 0.7072916666666667 0.5402777777777777 0.05 0.023148148148148147
1 0.7083333333333334 0.4546296296296296 0.0375 0.024074074074074074
1 0.7083333333333334 0.43194444444444446 0.034375 0.025
1 0.7104166666666667 0.5976851851851852 0.03958333333333333 0.028703703703703703
1 0.7153645833333333 0.5032407407407408 0.0234375 0.023148148148148147
1 0.7106770833333333 0.5657407407407408 0.0421875 0.03888888888888889
1 0.6940104166666666 0.513425925925926 0.015104166666666667 0.01574074074074074
