0 0.7239583333333334 0.5703703703703704 0.08125 0.07592592592592592
0 0.7270833333333333 0.4689814814814815 0.08333333333333333 0.1361111111111111
0 0.73203125 0.31342592592592594 0.11510416666666666 0.19166666666666668
0 0.7229166666666667 0.6328703703703704 0.07916666666666666 0.06388888888888888
1 0.35989583333333336 0.5171296296296296 0.0375 0.017592592592592594
1 0.34322916666666664 0.4564814814814815 0.0375 0.018518518518518517
1 0.3411458333333333 0.47685185185185186 0.028125 0.018518518518518517
1 0.3653645833333333 0.4787037037037037 0.0171875 0.016666666666666666
1 0.36041666666666666 0.500462962962963 0.01875 0.017592592592592594
1 0.32838541666666665 0.4981481481481482 0.016145833333333335 0.014814814814814815
1 0.36223958333333334 0.45787037037037037 0.0203125 0.01574074074074074
1 0.34401041666666665 0.4981481481481482 0.0140625 0.014814814814814815
