0 0.19973958333333333 0.3861111111111111 0.09635416666666667 0.16296296296296298
0 0.62578125 0.4550925925925926 0.018229166666666668 0.03425925925925926
0 0.6260416666666667 0.48564814814814816 0.015625 0.026851851851851852
1 0.88984375 0.16157407407407406 0.13697916666666668 0.04351851851851852
1 0.7348958333333333 0.5018518518518519 0.011458333333333333 0.07037037037037037
1 0.734375 0.4398148148148148 0.03333333333333333 0.020370370370370372
1 0.6528645833333333 0.2449074074074074 0.034895833333333334 0.013888888888888888
1 0.6486979166666667 0.27546296296296297 0.033854166666666664 0.012037037037037037
1 0.659375 0.25972222222222224 0.028125 0.010185185185185186
1 0.6411458333333333 0.26157407407407407 0.025 0.012037037037037037
