0 0.7859375 0.2814814814814815 0.35520833333333335 0.3851851851851852
0 0.5877604166666667 0.2689814814814815 0.0390625 0.09722222222222222
0 0.34322916666666664 0.31342592592592594 0.013541666666666667 0.017592592592592594
1 0.6565104166666667 0.22314814814814815 0.0484375 0.03518518518518519
1 0.7252604166666666 0.2722222222222222 0.07239583333333334 0.044444444444444446
1 0.9208333333333333 0.3416666666666667 0.051041666666666666 0.037037037037037035
1 0.71796875 0.3060185185185185 0.058854166666666666 0.03796296296296296
1 0.8721354166666667 0.2986111111111111 0.0640625 0.041666666666666664
1 0.8341145833333333 0.1675925925925926 0.03802083333333333 0.03333333333333333
1 0.86640625 0.33287037037037037 0.05677083333333333 0.03611111111111111
1 0.659375 0.26481481481481484 0.052083333333333336 0.037037037037037035
1 0.6580729166666667 0.3 0.05260416666666667 0.037037037037037035
1 0.7966145833333333 0.1597222222222222 0.0296875 0.03425925925925926
1 0.91484375 0.3055555555555556 0.0203125 0.025925925925925925
