0 0.15052083333333333 0.512962962962963 0.12083333333333333 0.046296296296296294
0 0.9609375 0.5027777777777778 0.078125 0.08333333333333333
0 0.8546875 0.43194444444444446 0.020833333333333332 0.032407407407407406
0 0.9669270833333333 0.4013888888888889 0.0796875 0.11944444444444445
1 0.13411458333333334 0.5101851851851852 0.07447916666666667 0.03518518518518519
1 0.9606770833333333 0.40370370370370373 0.0421875 0.046296296296296294
1 0.9567708333333333 0.48009259259259257 0.046875 0.021296296296296296
1 0.9567708333333333 0.5032407407407408 0.040625 0.019444444444444445
1 0.9479166666666666 0.5236111111111111 0.034375 0.019444444444444445
1 0.9809895833333333 0.524074074074074 0.030729166666666665 0.020370370370370372
1 0.9888020833333333 0.4777777777777778 0.016145833333333335 0.020370370370370372
1 0.9848958333333333 0.5018518518518519 0.014583333333333334 0.020370370370370372
