0 0.7078125 0.4912037037037037 0.03125 0.05277777777777778
1 0.9385416666666667 0.4486111111111111 0.041666666666666664 0.023148148148148147
1 0.8973958333333333 0.44675925925925924 0.0375 0.025
1 0.88046875 0.3921296296296296 0.0234375 0.026851851851851852
1 0.93125 0.3921296296296296 0.023958333333333335 0.026851851851851852
1 0.90625 0.39166666666666666 0.028125 0.02962962962962963
1 0.9364583333333333 0.42916666666666664 0.014583333333333334 0.01574074074074074
1 0.9244791666666666 0.4273148148148148 0.014583333333333334 0.013888888888888888
1 0.9083333333333333 0.42777777777777776 0.014583333333333334 0.012962962962962963
1 0.9518229166666666 0.42777777777777776 0.011979166666666667 0.014814814814814815
