0 0.8596354166666667 0.34305555555555556 0.043229166666666666 0.07314814814814814
0 0.8588541666666667 0.4013888888888889 0.06145833333333333 0.04722222222222222
0 0.8692708333333333 0.2865740740740741 0.11666666666666667 0.03981481481481482
0 0.35572916666666665 0.3236111111111111 0.05416666666666667 0.04351851851851852
1 0.8575520833333333 0.28703703703703703 0.0734375 0.02962962962962963
1 0.8604166666666667 0.3439814814814815 0.029166666666666667 0.03425925925925926
1 0.8528645833333334 0.3939814814814815 0.0390625 0.021296296296296296
1 0.34817708333333336 0.33101851851851855 0.03177083333333333 0.01574074074074074
1 0.35 0.3143518518518518 0.036458333333333336 0.017592592592592594
1 0.021875 0.3138888888888889 0.03229166666666667 0.016666666666666666
1 0.8721354166666667 0.4115740740740741 0.027604166666666666 0.017592592592592594
1 0.84296875 0.4101851851851852 0.024479166666666666 0.018518518518518517
1 0.8760416666666667 0.3958333333333333 0.014583333333333334 0.013888888888888888
