0 0.14739583333333334 0.5356481481481481 0.121875 0.05092592592592592
1 0.13880208333333333 0.5342592592592592 0.06927083333333334 0.03518518518518519
1 0.8388020833333333 0.33287037037037037 0.0234375 0.012037037037037037
1 0.8390625 0.3106481481481482 0.021875 0.012037037037037037
1 0.8385416666666666 0.3541666666666667 0.023958333333333335 0.012037037037037037
1 0.8369791666666667 0.3768518518518518 0.021875 0.011111111111111112
1 0.8611979166666667 0.3638888888888889 0.027604166666666666 0.014814814814814815
1 0.8622395833333333 0.3435185185185185 0.024479166666666666 0.014814814814814815
1 0.8364583333333333 0.3976851851851852 0.019791666666666666 0.012037037037037037
1 0.8578125 0.38472222222222224 0.020833333333333332 0.012037037037037037
1 0.8372395833333334 0.41944444444444445 0.022395833333333334 0.009259259259259259
1 0.8622395833333333 0.40555555555555556 0.022395833333333334 0.011111111111111112
1 0.8669270833333333 0.32314814814814813 0.0234375 0.014814814814814815
1 0.8515625 0.425 0.017708333333333333 0.011111111111111112
