0 0.8057291666666667 0.20462962962962963 0.10208333333333333 0.17962962962962964
0 0.7971354166666667 0.5296296296296297 0.1046875 0.12222222222222222
0 0.8010416666666667 0.3819444444444444 0.103125 0.1787037037037037
1 0.78203125 0.5625 0.05364583333333333 0.021296296296296296
1 0.7911458333333333 0.4930555555555556 0.0375 0.021296296296296296
1 0.778125 0.5398148148148149 0.041666666666666664 0.022222222222222223
1 0.8140625 0.5180555555555556 0.03333333333333333 0.019444444444444445
1 0.7783854166666667 0.5162037037037037 0.033854166666666664 0.021296296296296296
1 0.8114583333333333 0.5407407407407407 0.025 0.018518518518518517
1 0.8247395833333333 0.5643518518518519 0.025520833333333333 0.019444444444444445
1 0.8177083333333334 0.4935185185185185 0.014583333333333334 0.016666666666666666
1 0.83125 0.5412037037037037 0.010416666666666666 0.021296296296296296
