0 0.5041666666666667 0.45092592592592595 0.08645833333333333 0.03148148148148148
0 0.5033854166666667 0.5425925925925926 0.08697916666666666 0.03148148148148148
0 0.5036458333333333 0.5115740740740741 0.0875 0.030555555555555555
0 0.50390625 0.48148148148148145 0.08697916666666666 0.02962962962962963
0 0.5041666666666667 0.41898148148148145 0.0875 0.032407407407407406
0 0.3723958333333333 0.40370370370370373 0.14270833333333333 0.09444444444444444
1 0.33958333333333335 0.38472222222222224 0.06770833333333333 0.03796296296296296
1 0.3377604166666667 0.4222222222222222 0.06302083333333333 0.03888888888888889
1 0.6578125 0.475 0.034375 0.012962962962962963
1 0.4875 0.5060185185185185 0.01875 0.013888888888888888
1 0.4830729166666667 0.5375 0.013020833333333334 0.013888888888888888
1 0.6510416666666666 0.4935185185185185 0.027083333333333334 0.014814814814814815
1 0.4973958333333333 0.4134259259259259 0.010416666666666666 0.010185185185185186
1 0.509375 0.41388888888888886 0.010416666666666666 0.011111111111111112
