0 0.7963541666666667 0.4074074074074074 0.07604166666666666 0.15185185185185185
0 0.79375 0.5199074074074074 0.07604166666666666 0.0787037037037037
0 0.7971354166666667 0.25555555555555554 0.0734375 0.15185185185185185
0 0.7919270833333333 0.5935185185185186 0.0765625 0.07777777777777778
1 0.39036458333333335 0.17731481481481481 0.11927083333333334 0.049074074074074076
1 0.7809895833333333 0.3592592592592593 0.0265625 0.022222222222222223
1 0.8140625 0.35694444444444445 0.023958333333333335 0.021296296296296296
1 0.7783854166666667 0.4986111111111111 0.018229166666666668 0.013888888888888888
1 0.7911458333333333 0.4981481481481482 0.014583333333333334 0.014814814814814815
1 0.8065104166666667 0.49722222222222223 0.0109375 0.014814814814814815
