0 0.7927083333333333 0.4111111111111111 0.10625 0.04814814814814815
0 0.8078125 0.45555555555555555 0.10729166666666666 0.046296296296296294
0 0.7940104166666667 0.36527777777777776 0.10677083333333333 0.05092592592592592
0 0.7966145833333333 0.3175925925925926 0.14322916666666666 0.06481481481481481
0 0.63359375 0.4023148148148148 0.1140625 0.17314814814814813
1 0.8036458333333333 0.36574074074074076 0.07916666666666666 0.040740740740740744
1 0.8036458333333333 0.31851851851851853 0.075 0.037037037037037035
1 0.79375 0.4550925925925926 0.05 0.032407407407407406
1 0.8151041666666666 0.4097222222222222 0.05625 0.03611111111111111
1 0.7731770833333333 0.41388888888888886 0.024479166666666666 0.02962962962962963
