0 0.8359375 0.3736111111111111 0.04583333333333333 0.14907407407407408
1 0.67265625 0.5333333333333333 0.011979166666666667 0.07777777777777778
1 0.6645833333333333 0.1912037037037037 0.046875 0.03611111111111111
1 0.6645833333333333 0.25416666666666665 0.046875 0.032407407407407406
1 0.6723958333333333 0.4513888888888889 0.013541666666666667 0.06759259259259259
1 0.6627604166666666 0.2361111111111111 0.043229166666666666 0.03333333333333333
1 0.8236979166666667 0.175 0.049479166666666664 0.037037037037037035
1 0.65625 0.21435185185185185 0.026041666666666668 0.026851851851851852
1 0.815625 0.1597222222222222 0.03125 0.026851851851851852
1 0.8419270833333333 0.14675925925925926 0.021354166666666667 0.023148148148148147
