0 0.7153645833333333 0.48148148148148145 0.09427083333333333 0.1574074074074074
1 0.7208333333333333 0.6287037037037037 0.029166666666666667 0.016666666666666666
1 0.72265625 0.5898148148148148 0.027604166666666666 0.018518518518518517
1 0.7229166666666667 0.6152777777777778 0.026041666666666668 0.01574074074074074
1 0.7239583333333334 0.6064814814814815 0.023958333333333335 0.016666666666666666
1 0.71015625 0.638425925925926 0.028645833333333332 0.013888888888888888
1 0.7333333333333333 0.575462962962963 0.016666666666666666 0.013888888888888888
1 0.72890625 0.6398148148148148 0.019270833333333334 0.014814814814814815
1 0.7059895833333333 0.5736111111111111 0.013020833333333334 0.012037037037037037
1 0.71875 0.5685185185185185 0.016666666666666666 0.018518518518518517
