0 0.76484375 0.14351851851851852 0.11302083333333333 0.05185185185185185
0 0.7651041666666667 0.10277777777777777 0.11354166666666667 0.05185185185185185
0 0.7643229166666666 0.18425925925925926 0.11302083333333333 0.05
0 0.7643229166666666 0.22546296296296298 0.11302083333333333 0.049074074074074076
0 0.7653645833333333 0.06157407407407407 0.11302083333333333 0.05462962962962963
1 0.75703125 0.06712962962962964 0.05260416666666667 0.025
1 0.7502604166666667 0.09074074074074075 0.043229166666666666 0.025925925925925925
1 0.75 0.14907407407407408 0.042708333333333334 0.020370370370370372
1 0.74765625 0.13148148148148148 0.03802083333333333 0.024074074074074074
1 0.7463541666666667 0.10833333333333334 0.034375 0.022222222222222223
1 0.08671875 0.32685185185185184 0.033854166666666664 0.022222222222222223
1 0.7388020833333333 0.17222222222222222 0.022395833333333334 0.020370370370370372
1 0.73671875 0.19074074074074074 0.0171875 0.018518518518518517
1 0.7526041666666666 0.23287037037037037 0.04895833333333333 0.025
1 0.7549479166666667 0.04953703703703704 0.0453125 0.023148148148148147
1 0.7401041666666667 0.21342592592592594 0.023958333333333335 0.021296296296296296
1 0.7705729166666667 0.2162037037037037 0.028645833333333332 0.023148148148148147
1 0.7901041666666667 0.23425925925925925 0.026041666666666668 0.024074074074074074
1 0.7880208333333333 0.05324074074074074 0.021875 0.017592592592592594
