0 0.6880208333333333 0.2273148148148148 0.06875 0.11944444444444445
0 0.6848958333333334 0.31712962962962965 0.06770833333333333 0.06388888888888888
0 0.6856770833333333 0.3768518518518518 0.06614583333333333 0.05925925925925926
0 0.6890625 0.10694444444444444 0.06979166666666667 0.125
0 0.6848958333333334 0.4439814814814815 0.06875 0.0712962962962963
1 0.6776041666666667 0.45185185185185184 0.03854166666666667 0.020370370370370372
1 0.67578125 0.4337962962962963 0.027604166666666666 0.01574074074074074
1 0.678125 0.4212962962962963 0.026041666666666668 0.016666666666666666
1 0.6778645833333333 0.46296296296296297 0.03697916666666667 0.018518518518518517
1 0.6731770833333334 0.18703703703703703 0.0234375 0.018518518518518517
1 0.4192708333333333 0.053703703703703705 0.019791666666666666 0.016666666666666666
1 0.6669270833333333 0.2967592592592593 0.0140625 0.010185185185185186
1 0.7028645833333333 0.1884259259259259 0.022395833333333334 0.017592592592592594
1 0.70546875 0.4638888888888889 0.016145833333333335 0.020370370370370372
1 0.42239583333333336 0.03657407407407407 0.025 0.023148148148148147
