0 0.9671875 0.4828703703703704 0.03229166666666667 0.05277777777777778
1 0.21822916666666667 0.5745370370370371 0.05416666666666667 0.026851851851851852
1 0.20963541666666666 0.4828703703703704 0.05260416666666667 0.019444444444444445
1 0.30833333333333335 0.4203703703703704 0.028125 0.016666666666666666
1 0.1078125 0.5023148148148148 0.029166666666666667 0.010185185185185186
1 0.10677083333333333 0.5143518518518518 0.03229166666666667 0.012037037037037037
1 0.19036458333333334 0.5162037037037037 0.0328125 0.017592592592592594
1 0.10703125 0.524537037037037 0.021354166666666667 0.010185185185185186
1 0.35078125 0.4513888888888889 0.021354166666666667 0.012037037037037037
1 0.22005208333333334 0.5148148148148148 0.024479166666666666 0.014814814814814815
1 0.3028645833333333 0.40555555555555556 0.0203125 0.014814814814814815
1 0.1859375 0.5421296296296296 0.014583333333333334 0.013888888888888888
1 0.31484375 0.4046296296296296 0.016145833333333335 0.012962962962962963
1 0.17708333333333334 0.5421296296296296 0.008333333333333333 0.013888888888888888
