0 0.84140625 0.1310185185185185 0.07447916666666667 0.12314814814814815
1 0.8424479166666666 0.1259259259259259 0.05572916666666667 0.05555555555555555
1 0.6986979166666667 0.48333333333333334 0.05364583333333333 0.016666666666666666
1 0.8924479166666667 0.043055555555555555 0.03177083333333333 0.03981481481481482
1 0.8942708333333333 0.10740740740740741 0.035416666666666666 0.03888888888888889
1 0.71953125 0.4527777777777778 0.0515625 0.012962962962962963
1 0.7114583333333333 0.5203703703703704 0.020833333333333332 0.016666666666666666
1 0.6903645833333333 0.5208333333333334 0.018229166666666668 0.013888888888888888
1 0.6846354166666667 0.45416666666666666 0.018229166666666668 0.012037037037037037
1 0.73203125 0.5199074074074074 0.021354166666666667 0.01574074074074074
1 0.6848958333333334 0.4949074074074074 0.035416666666666666 0.012037037037037037
