0 0.76875 0.4898148148148148 0.10104166666666667 0.16111111111111112
1 0.76796875 0.48935185185185187 0.08072916666666667 0.06759259259259259
1 0.6729166666666667 0.36944444444444446 0.1 0.04259259259259259
1 0.55078125 0.35324074074074074 0.0765625 0.03611111111111111
1 0.184375 0.38657407407407407 0.021875 0.017592592592592594
1 0.9408854166666667 0.42592592592592593 0.0390625 0.020370370370370372
1 0.86171875 0.41944444444444445 0.027604166666666666 0.014814814814814815
1 0.9065104166666667 0.42407407407407405 0.030729166666666665 0.020370370370370372
1 0.6 0.35833333333333334 0.042708333333333334 0.04259259259259259
1 0.18489583333333334 0.37824074074074077 0.020833333333333332 0.01574074074074074
1 0.8815104166666666 0.4203703703703704 0.011979166666666667 0.016666666666666666
