0 0.8575520833333333 0.35555555555555557 0.0890625 0.1259259259259259
0 0.2908854166666667 0.4388888888888889 0.0234375 0.040740740740740744
0 0.290625 0.3939814814814815 0.035416666666666666 0.05277777777777778
0 0.7518229166666667 0.45185185185185184 0.044270833333333336 0.03888888888888889
0 0.7544270833333333 0.39861111111111114 0.043229166666666666 0.0712962962962963
1 0.7463541666666667 0.44166666666666665 0.025 0.012962962962962963
1 0.85546875 0.36157407407407405 0.044270833333333336 0.062037037037037036
1 0.76015625 0.45694444444444443 0.0203125 0.013888888888888888
1 0.2903645833333333 0.40185185185185185 0.011979166666666667 0.014814814814814815
1 0.74140625 0.45555555555555555 0.0171875 0.014814814814814815
