0 0.29140625 0.40370370370370373 0.04010416666666667 0.07037037037037037
0 0.29453125 0.45694444444444443 0.04114583333333333 0.03796296296296296
0 0.8669270833333333 0.6055555555555555 0.04010416666666667 0.06296296296296296
0 0.8255208333333334 0.6032407407407407 0.0375 0.062037037037037036
1 0.9338541666666667 0.6037037037037037 0.109375 0.08333333333333333
1 0.86953125 0.9055555555555556 0.06614583333333333 0.018518518518518517
1 0.9393229166666667 0.9 0.044270833333333336 0.020370370370370372
1 0.2877604166666667 0.449537037037037 0.0234375 0.012037037037037037
1 0.9807291666666667 0.9 0.03125 0.025925925925925925
1 0.8143229166666667 0.9050925925925926 0.0265625 0.017592592592592594
1 0.2838541666666667 0.46435185185185185 0.017708333333333333 0.012037037037037037
1 0.3020833333333333 0.4634259259259259 0.014583333333333334 0.012037037037037037
1 0.9078125 0.9050925925925926 0.01875 0.01574074074074074
