0 0.7794270833333333 0.5662037037037037 0.10572916666666667 0.11018518518518519
0 0.7682291666666666 0.4375 0.09895833333333333 0.16944444444444445
0 0.6169270833333333 0.30694444444444446 0.08177083333333333 0.1287037037037037
0 0.6192708333333333 0.4046296296296296 0.06145833333333333 0.10925925925925926
1 0.7669270833333334 0.5481481481481482 0.0546875 0.03888888888888889
1 0.79921875 0.575925925925926 0.0421875 0.037037037037037035
1 0.6161458333333333 0.37407407407407406 0.030208333333333334 0.024074074074074074
1 0.75703125 0.5842592592592593 0.04114583333333333 0.037037037037037035
1 0.6192708333333333 0.41388888888888886 0.026041666666666668 0.040740740740740744
1 0.8036458333333333 0.5393518518518519 0.020833333333333332 0.030555555555555555
