0 0.12317708333333334 0.44027777777777777 0.0953125 0.125
0 0.21588541666666666 0.4861111111111111 0.0546875 0.02962962962962963
0 0.21354166666666666 0.4587962962962963 0.05520833333333333 0.032407407407407406
0 0.20989583333333334 0.5143518518518518 0.05520833333333333 0.028703703703703703
1 0.2125 0.512962962962963 0.03229166666666667 0.022222222222222223
1 0.7497395833333333 0.4236111111111111 0.033854166666666664 0.01574074074074074
1 0.20260416666666667 0.45740740740740743 0.028125 0.020370370370370372
1 0.22161458333333334 0.48564814814814816 0.018229166666666668 0.019444444444444445
1 0.2015625 0.4861111111111111 0.019791666666666666 0.020370370370370372
1 0.22395833333333334 0.45925925925925926 0.014583333333333334 0.016666666666666666
1 0.7223958333333333 0.42453703703703705 0.017708333333333333 0.01574074074074074
