0 0.08776041666666666 0.2375 0.11927083333333334 0.06388888888888888
0 0.08671875 0.33055555555555555 0.1203125 0.05185185185185185
0 0.08645833333333333 0.36435185185185187 0.11979166666666667 0.05277777777777778
0 0.08854166666666667 0.1736111111111111 0.12083333333333333 0.0712962962962963
0 0.0875 0.26944444444444443 0.11979166666666667 0.06111111111111111
0 0.08828125 0.20416666666666666 0.11927083333333334 0.06388888888888888
0 0.08723958333333333 0.29814814814814816 0.11927083333333334 0.05555555555555555
1 0.07734375 0.2587962962962963 0.05260416666666667 0.025
1 0.07447916666666667 0.1935185185185185 0.052083333333333336 0.027777777777777776
1 0.5028645833333333 0.48842592592592593 0.0265625 0.013888888888888888
1 0.10234375 0.23981481481481481 0.04114583333333333 0.025925925925925925
1 0.07005208333333333 0.16111111111111112 0.04010416666666667 0.025925925925925925
1 0.07005208333333333 0.26990740740740743 0.0453125 0.021296296296296296
1 0.06484375 0.2300925925925926 0.033854166666666664 0.025
1 0.103125 0.30185185185185187 0.03229166666666667 0.022222222222222223
1 0.06875 0.3523148148148148 0.04375 0.021296296296296296
1 0.06614583333333333 0.2050925925925926 0.034375 0.021296296296296296
1 0.221875 0.5125 0.022916666666666665 0.013888888888888888
1 0.20208333333333334 0.41712962962962963 0.03229166666666667 0.012037037037037037
1 0.07135416666666666 0.32685185185185184 0.046875 0.024074074074074074
1 0.31328125 0.5402777777777777 0.030729166666666665 0.01574074074074074
1 0.0671875 0.17407407407407408 0.036458333333333336 0.022222222222222223
1 0.3145833333333333 0.4652777777777778 0.027083333333333334 0.010185185185185186
1 0.12682291666666667 0.4625 0.028645833333333332 0.012037037037037037
1 0.10885416666666667 0.3592592592592593 0.035416666666666666 0.020370370370370372
1 0.22708333333333333 0.524074074074074 0.023958333333333335 0.012962962962962963
1 0.5057291666666667 0.5435185185185185 0.026041666666666668 0.012962962962962963
1 0.19791666666666666 0.5731481481481482 0.015625 0.011111111111111112
1 0.3140625 0.41805555555555557 0.029166666666666667 0.010185185185185186
1 0.20416666666666666 0.5513888888888889 0.023958333333333335 0.010185185185185186
1 0.12786458333333334 0.4513888888888889 0.025520833333333333 0.012037037037037037
1 0.23984375 0.4125 0.022395833333333334 0.010185185185185186
1 0.20234375 0.40925925925925927 0.030729166666666665 0.012962962962962963
1 0.13567708333333334 0.4777777777777778 0.021354166666666667 0.012962962962962963
1 0.20963541666666666 0.46805555555555556 0.021354166666666667 0.012037037037037037
1 0.3098958333333333 0.49953703703703706 0.019791666666666666 0.01574074074074074
1 0.20338541666666668 0.5439814814814815 0.0234375 0.010185185185185186
1 0.09817708333333333 0.17083333333333334 0.022395833333333334 0.021296296296296296
1 0.07239583333333334 0.2953703703703704 0.028125 0.020370370370370372
1 0.20911458333333333 0.5712962962962963 0.011979166666666667 0.011111111111111112
1 0.23776041666666667 0.44537037037037036 0.034895833333333334 0.03333333333333333
1 0.23932291666666666 0.4199074074074074 0.024479166666666666 0.012037037037037037
1 0.3106770833333333 0.42777777777777776 0.0265625 0.011111111111111112
1 0.10546875 0.3333333333333333 0.019270833333333334 0.018518518518518517
1 0.11380208333333333 0.47685185185185186 0.0171875 0.014814814814814815
1 0.553125 0.45092592592592595 0.016666666666666666 0.012962962962962963
1 0.0375 0.3212962962962963 0.016666666666666666 0.020370370370370372
1 0.3109375 0.4550925925925926 0.021875 0.010185185185185186
1 0.055989583333333336 0.2916666666666667 0.0171875 0.020370370370370372
1 0.2911458333333333 0.42453703703703705 0.015625 0.021296296296296296
1 0.20104166666666667 0.44027777777777777 0.042708333333333334 0.03796296296296296
1 0.071875 0.3648148148148148 0.030208333333333334 0.014814814814814815
1 0.20364583333333333 0.5231481481481481 0.011458333333333333 0.016666666666666666
1 0.32369791666666664 0.5 0.0109375 0.014814814814814815
1 0.19609375 0.4675925925925926 0.018229166666666668 0.011111111111111112
1 0.3078125 0.43703703703703706 0.01875 0.012962962962962963
1 0.11223958333333334 0.4486111111111111 0.011979166666666667 0.012037037037037037
