0 0.8578125 0.4425925925925926 0.07083333333333333 0.11296296296296296
0 0.8528645833333334 0.5375 0.07447916666666667 0.08425925925925926
0 0.19296875 0.5319444444444444 0.1390625 0.05092592592592592
0 0.19166666666666668 0.48842592592592593 0.14166666666666666 0.04722222222222222
0 0.7380208333333333 0.475 0.026041666666666668 0.04259259259259259
1 0.14973958333333334 0.4861111111111111 0.05364583333333333 0.02962962962962963
1 0.85390625 0.4425925925925926 0.04114583333333333 0.04814814814814815
1 0.15598958333333332 0.5310185185185186 0.0671875 0.03425925925925926
1 0.8471354166666667 0.5138888888888888 0.0390625 0.024074074074074074
1 0.21171875 0.5259259259259259 0.04010416666666667 0.03148148148148148
1 0.8390625 0.5555555555555556 0.029166666666666667 0.020370370370370372
1 0.8463541666666666 0.5356481481481481 0.035416666666666666 0.021296296296296296
1 0.8674479166666667 0.5587962962962963 0.025520833333333333 0.021296296296296296
1 0.871875 0.5393518518518519 0.014583333333333334 0.021296296296296296
1 0.875 0.5171296296296296 0.0125 0.017592592592592594
