0 0.75 0.3111111111111111 0.08854166666666667 0.14629629629629629
0 0.7497395833333333 0.43148148148148147 0.08802083333333334 0.1
1 0.74375 0.40185185185185185 0.03333333333333333 0.018518518518518517
1 0.7372395833333333 0.4587962962962963 0.04635416666666667 0.017592592592592594
1 0.7317708333333334 0.44074074074074077 0.030208333333333334 0.016666666666666666
1 0.76484375 0.4212962962962963 0.030729166666666665 0.016666666666666666
1 0.7325520833333333 0.4203703703703704 0.027604166666666666 0.016666666666666666
1 0.7630208333333334 0.44074074074074077 0.020833333333333332 0.014814814814814815
1 0.7736979166666667 0.45925925925925926 0.0203125 0.016666666666666666
1 0.7770833333333333 0.44027777777777777 0.0125 0.01574074074074074
1 0.7669270833333334 0.4027777777777778 0.013020833333333334 0.016666666666666666
