0 0.5755208333333334 0.23287037037037037 0.08958333333333333 0.03981481481481482
0 0.5760416666666667 0.2 0.08958333333333333 0.03888888888888889
0 0.253125 0.3712962962962963 0.00625 0.040740740740740744
0 0.5770833333333333 0.07407407407407407 0.08958333333333333 0.040740740740740744
0 0.5770833333333333 0.10601851851851851 0.08958333333333333 0.03981481481481482
0 0.5770833333333333 0.13703703703703704 0.08958333333333333 0.040740740740740744
0 0.5760416666666667 0.1685185185185185 0.08958333333333333 0.03888888888888889
0 0.5776041666666667 0.04351851851851852 0.08958333333333333 0.04259259259259259
0 0.2526041666666667 0.337037037037037 0.013541666666666667 0.027777777777777776
0 0.35182291666666665 0.287962962962963 0.0109375 0.022222222222222223
0 0.15703125 0.3050925925925926 0.0234375 0.008333333333333333
0 0.15729166666666666 0.29398148148148145 0.022916666666666665 0.012037037037037037
1 0.5692708333333333 0.07777777777777778 0.042708333333333334 0.024074074074074074
1 0.5638020833333334 0.1925925925925926 0.0328125 0.018518518518518517
1 0.56484375 0.04583333333333333 0.03802083333333333 0.023148148148148147
1 0.5614583333333333 0.22268518518518518 0.030208333333333334 0.017592592592592594
1 0.56328125 0.23703703703703705 0.0328125 0.016666666666666666
1 0.5611979166666666 0.20601851851851852 0.028645833333333332 0.01574074074074074
1 0.5549479166666667 0.1587962962962963 0.018229166666666668 0.017592592592592594
1 0.5567708333333333 0.13055555555555556 0.020833333333333332 0.018518518518518517
1 0.5596354166666667 0.1412037037037037 0.0265625 0.017592592592592594
1 0.56484375 0.06435185185185185 0.0328125 0.021296296296296296
1 0.5609375 0.033796296296296297 0.027083333333333334 0.019444444444444445
1 0.5541666666666667 0.17222222222222222 0.017708333333333333 0.016666666666666666
1 0.9098958333333333 0.05694444444444444 0.030208333333333334 0.026851851851851852
1 0.5791666666666667 0.09861111111111111 0.021875 0.019444444444444445
1 0.5942708333333333 0.11157407407407408 0.021875 0.017592592592592594
1 0.5776041666666667 0.1111111111111111 0.023958333333333335 0.018518518518518517
1 0.5557291666666667 0.09490740740740741 0.01875 0.017592592592592594
