0 0.7510416666666667 0.26805555555555555 0.12083333333333333 0.18796296296296297
0 0.7466145833333333 0.4185185185185185 0.08802083333333334 0.14629629629629629
0 0.65859375 0.46064814814814814 0.0515625 0.05277777777777778
0 0.66328125 0.39814814814814814 0.0484375 0.08333333333333333
1 0.7494791666666667 0.3731481481481482 0.03958333333333333 0.025925925925925925
1 0.7450520833333333 0.4287037037037037 0.03697916666666667 0.06111111111111111
1 0.6533854166666667 0.44907407407407407 0.027604166666666666 0.020370370370370372
1 0.6471354166666666 0.4648148148148148 0.021354166666666667 0.020370370370370372
1 0.66796875 0.4689814814814815 0.021354166666666667 0.017592592592592594
1 0.7625 0.10046296296296296 0.03958333333333333 0.049074074074074076
1 0.6721354166666667 0.45231481481481484 0.011979166666666667 0.01574074074074074
