0 0.11927083333333334 0.5425925925925926 0.030208333333333334 0.05185185185185185
0 0.7111979166666667 0.38055555555555554 0.0609375 0.08888888888888889
0 0.7114583333333333 0.45555555555555555 0.040625 0.06851851851851852
1 0.8390625 0.5791666666666667 0.03333333333333333 0.013888888888888888
1 0.8609375 0.5638888888888889 0.03125 0.012962962962962963
1 0.85625 0.5263888888888889 0.03958333333333333 0.017592592592592594
1 0.8315104166666667 0.6046296296296296 0.034895833333333334 0.022222222222222223
1 0.7098958333333333 0.4310185185185185 0.017708333333333333 0.013888888888888888
1 0.8236979166666667 0.49166666666666664 0.04635416666666667 0.046296296296296294
1 0.8630208333333333 0.487962962962963 0.03854166666666667 0.027777777777777776
1 0.8955729166666667 0.5254629629629629 0.027604166666666666 0.017592592592592594
1 0.8153645833333333 0.5328703703703703 0.013020833333333334 0.01574074074074074
