0 0.6815104166666667 0.2064814814814815 0.0515625 0.09259259259259259
0 0.9385416666666667 0.4115740740740741 0.027083333333333334 0.05648148148148148
1 0.6815104166666667 0.2050925925925926 0.043229166666666666 0.04537037037037037
1 0.6223958333333334 0.46064814814814814 0.05625 0.013888888888888888
1 0.6174479166666667 0.4875 0.05572916666666667 0.013888888888888888
1 0.78125 0.10277777777777777 0.021875 0.02962962962962963
1 0.6408854166666667 0.5199074074074074 0.018229166666666668 0.01574074074074074
1 0.60546875 0.5212962962962963 0.015104166666666667 0.012962962962962963
1 0.6234375 0.5208333333333334 0.016666666666666666 0.013888888888888888
1 0.9359375 0.6685185185185185 0.01875 0.020370370370370372
