0 0.8403645833333333 0.31666666666666665 0.07864583333333333 0.21296296296296297
0 0.42421875 0.17175925925925925 0.021354166666666667 0.03796296296296296
0 0.8341145833333333 0.14675925925925926 0.050520833333333334 0.14166666666666666
0 0.5341145833333333 0.2912037037037037 0.019270833333333334 0.03611111111111111
1 0.8338541666666667 0.38055555555555554 0.021875 0.024074074074074074
1 0.6997395833333333 0.3236111111111111 0.0234375 0.026851851851851852
1 0.14973958333333334 0.20787037037037037 0.03177083333333333 0.017592592592592594
1 0.7265625 0.2847222222222222 0.029166666666666667 0.01574074074074074
1 0.8260416666666667 0.175 0.029166666666666667 0.024074074074074074
1 0.69765625 0.2791666666666667 0.022395833333333334 0.01574074074074074
1 0.8479166666666667 0.17824074074074073 0.016666666666666666 0.021296296296296296
1 0.728125 0.3074074074074074 0.014583333333333334 0.016666666666666666
