0 0.9333333333333333 0.42453703703703705 0.075 0.08425925925925926
0 0.14244791666666667 0.49907407407407406 0.06510416666666667 0.14074074074074075
0 0.24921875 0.5199074074074074 0.0234375 0.075
1 0.7083333333333334 0.5643518518518519 0.052083333333333336 0.028703703703703703
1 0.7135416666666666 0.587037037037037 0.040625 0.027777777777777776
1 0.15 0.5203703703703704 0.0375 0.020370370370370372
1 0.13229166666666667 0.5481481481481482 0.027083333333333334 0.018518518518518517
1 0.890625 0.4666666666666667 0.042708333333333334 0.014814814814814815
1 0.9830729166666666 0.48148148148148145 0.033854166666666664 0.018518518518518517
1 0.9817708333333334 0.5046296296296297 0.030208333333333334 0.018518518518518517
1 0.14348958333333334 0.5027777777777778 0.027604166666666666 0.018518518518518517
1 0.13645833333333332 0.44722222222222224 0.027083333333333334 0.018518518518518517
1 0.88671875 0.4583333333333333 0.04010416666666667 0.009259259259259259
1 0.15963541666666667 0.44814814814814813 0.018229166666666668 0.014814814814814815
1 0.8791666666666667 0.48055555555555557 0.026041666666666668 0.009259259259259259
1 0.13515625 0.4671296296296296 0.0234375 0.017592592592592594
1 0.9002604166666667 0.47638888888888886 0.0328125 0.01574074074074074
1 0.15494791666666666 0.4666666666666667 0.011979166666666667 0.018518518518518517
