0 0.8088541666666667 0.4773148148148148 0.09375 0.08055555555555556
0 0.80703125 0.3712962962962963 0.09427083333333333 0.15925925925925927
0 0.5716145833333334 0.43842592592592594 0.025520833333333333 0.049074074074074076
0 0.6578125 0.42407407407407405 0.075 0.027777777777777776
1 0.8067708333333333 0.41064814814814815 0.05416666666666667 0.049074074074074076
1 0.9432291666666667 0.22546296296296298 0.13854166666666667 0.17314814814814813
1 0.6395833333333333 0.4425925925925926 0.015625 0.012962962962962963
1 0.6463541666666667 0.42962962962962964 0.01875 0.011111111111111112
1 0.6411458333333333 0.41898148148148145 0.01875 0.012037037037037037
1 0.6580729166666667 0.4527777777777778 0.016145833333333335 0.011111111111111112
1 0.6403645833333333 0.4527777777777778 0.0171875 0.009259259259259259
