0 0.8236979166666667 0.3013888888888889 0.1359375 0.05648148148148148
0 0.8234375 0.33935185185185185 0.13645833333333332 0.05648148148148148
0 0.8239583333333333 0.2222222222222222 0.13645833333333332 0.06666666666666667
0 0.8236979166666667 0.26064814814814813 0.1359375 0.062037037037037036
0 0.8236979166666667 0.18287037037037038 0.13697916666666668 0.06944444444444445
0 0.82421875 0.14351851851851852 0.13802083333333334 0.07407407407407407
0 0.8239583333333333 0.1037037037037037 0.13958333333333334 0.07777777777777778
0 0.7434895833333334 0.43287037037037035 0.0484375 0.08425925925925926
1 0.18880208333333334 0.48842592592592593 0.0828125 0.05648148148148148
1 0.80546875 0.14814814814814814 0.0578125 0.03518518518518519
1 0.8364583333333333 0.18009259259259258 0.05 0.030555555555555555
1 0.79765625 0.2671296296296296 0.044270833333333336 0.028703703703703703
1 0.7963541666666667 0.11203703703703703 0.040625 0.025925925925925925
1 0.7934895833333333 0.22916666666666666 0.0359375 0.025
1 0.85078125 0.13564814814814816 0.0359375 0.028703703703703703
1 0.7940104166666667 0.19074074074074074 0.0359375 0.025925925925925925
1 0.7940104166666667 0.29814814814814816 0.034895833333333334 0.022222222222222223
1 0.79453125 0.34444444444444444 0.0390625 0.025925925925925925
1 0.82578125 0.30925925925925923 0.030729166666666665 0.020370370370370372
1 0.16588541666666667 0.5263888888888889 0.030729166666666665 0.023148148148148147
1 0.7932291666666667 0.3143518518518518 0.03333333333333333 0.021296296296296296
1 0.8255208333333334 0.3416666666666667 0.023958333333333335 0.020370370370370372
1 0.19010416666666666 0.5208333333333334 0.021875 0.021296296296296296
1 0.8229166666666666 0.29444444444444445 0.021875 0.018518518518518517
1 0.7666666666666667 0.3125 0.017708333333333333 0.021296296296296296
1 0.7669270833333334 0.35 0.019270833333333334 0.025925925925925925
