0 0.8130208333333333 0.40925925925925927 0.06875 0.11296296296296296
0 0.9119791666666667 0.03657407407407407 0.17604166666666668 0.0712962962962963
0 0.9122395833333333 0.07777777777777778 0.17552083333333332 0.1
0 0.9125 0.12824074074074074 0.175 0.09166666666666666
0 0.9122395833333333 0.18194444444444444 0.17552083333333332 0.08981481481481482
0 0.91171875 0.2351851851851852 0.1765625 0.08333333333333333
0 0.91171875 0.28564814814814815 0.1765625 0.07685185185185185
1 0.14921875 0.4875 0.09947916666666666 0.06388888888888888
1 0.8973958333333333 0.026851851851851852 0.08333333333333333 0.04814814814814815
1 0.9408854166666667 0.06712962962962964 0.0703125 0.04351851851851852
1 0.8846354166666667 0.18981481481481483 0.0609375 0.037037037037037035
1 0.8783854166666667 0.13703703703703704 0.049479166666666664 0.03333333333333333
1 0.8796875 0.08425925925925926 0.051041666666666666 0.037037037037037035
1 0.8786458333333333 0.23055555555555557 0.05 0.027777777777777776
1 0.8786458333333333 0.29212962962962963 0.052083333333333336 0.032407407407407406
1 0.92421875 0.24351851851851852 0.04635416666666667 0.02962962962962963
1 0.9622395833333334 0.006481481481481481 0.05260416666666667 0.037037037037037035
1 0.9200520833333333 0.22175925925925927 0.030729166666666665 0.025
1 0.8776041666666666 0.2523148148148148 0.04895833333333333 0.028703703703703703
1 0.1234375 0.5291666666666667 0.0375 0.026851851851851852
1 0.15260416666666668 0.5226851851851851 0.027083333333333334 0.023148148148148147
1 0.9229166666666667 0.28703703703703703 0.034375 0.025925925925925925
1 0.2916666666666667 0.5046296296296297 0.01875 0.022222222222222223
1 0.5921875 0.6944444444444444 0.028125 0.014814814814814815
1 0.83828125 0.30277777777777776 0.027604166666666666 0.037037037037037035
1 0.83828125 0.25046296296296294 0.022395833333333334 0.025
