0 0.7783854166666667 0.4527777777777778 0.16822916666666668 0.05740740740740741
0 0.7778645833333333 0.39861111111111114 0.16822916666666668 0.062037037037037036
0 0.13463541666666667 0.3143518518518518 0.0578125 0.075
1 0.7677083333333333 0.29212962962962963 0.042708333333333334 0.017592592592592594
1 0.7533854166666667 0.4134259259259259 0.06197916666666667 0.026851851851851852
1 0.7408854166666666 0.4648148148148148 0.0390625 0.020370370370370372
1 0.7401041666666667 0.3907407407407407 0.0375 0.024074074074074074
1 0.7791666666666667 0.46296296296296297 0.036458333333333336 0.022222222222222223
1 0.7817708333333333 0.3101851851851852 0.03229166666666667 0.024074074074074074
1 0.734375 0.44351851851851853 0.028125 0.022222222222222223
1 0.80859375 0.41064814814814815 0.0453125 0.023148148148148147
1 0.84453125 0.4532407407407407 0.021354166666666667 0.025
1 0.8458333333333333 0.399537037037037 0.020833333333333332 0.025
1 0.7588541666666667 0.3125 0.016666666666666666 0.019444444444444445
