0 0.8328125 0.4078703703703704 0.165625 0.05462962962962963
0 0.83359375 0.36018518518518516 0.16614583333333333 0.05925925925925926
0 0.6203125 0.4212962962962963 0.035416666666666666 0.06851851851851852
1 0.8080729166666667 0.37407407407407406 0.0609375 0.024074074074074074
1 0.7893229166666667 0.399537037037037 0.027604166666666666 0.021296296296296296
1 0.7950520833333333 0.35462962962962963 0.03802083333333333 0.022222222222222223
1 0.8625 0.37083333333333335 0.04583333333333333 0.023148148148148147
1 0.7947916666666667 0.4203703703703704 0.0375 0.020370370370370372
1 0.8330729166666667 0.4203703703703704 0.0359375 0.020370370370370372
1 0.8984375 0.4101851851851852 0.020833333333333332 0.022222222222222223
1 0.90078125 0.3587962962962963 0.021354166666666667 0.023148148148148147
