0 0.8265625 0.3337962962962963 0.075 0.1287037037037037
0 0.6635416666666667 0.4537037037037037 0.021875 0.03518518518518519
0 0.3255208333333333 0.47824074074074074 0.019791666666666666 0.030555555555555555
1 0.8255208333333334 0.36898148148148147 0.04375 0.03796296296296296
1 0.07734375 0.5268518518518519 0.049479166666666664 0.022222222222222223
1 0.14609375 0.48055555555555557 0.05364583333333333 0.022222222222222223
1 0.06927083333333334 0.4847222222222222 0.040625 0.026851851851851852
1 0.16614583333333333 0.5023148148148148 0.017708333333333333 0.012037037037037037
1 0.10052083333333334 0.43796296296296294 0.030208333333333334 0.025925925925925925
1 0.8356770833333333 0.3162037037037037 0.04739583333333333 0.062037037037037036
1 0.1109375 0.4828703703703704 0.014583333333333334 0.017592592592592594
