0 0.7994791666666666 0.4361111111111111 0.07083333333333333 0.11666666666666667
0 0.7994791666666666 0.31157407407407406 0.10520833333333333 0.15092592592592594
0 0.36041666666666666 0.43657407407407406 0.016666666666666666 0.030555555555555555
1 0.12265625 0.5796296296296296 0.022395833333333334 0.014814814814814815
1 0.3302083333333333 0.043055555555555555 0.041666666666666664 0.025
1 0.39505208333333336 0.011574074074074073 0.025520833333333333 0.021296296296296296
1 0.4869791666666667 0.029166666666666667 0.06666666666666667 0.025
1 0.12473958333333333 0.5925925925925926 0.0203125 0.012962962962962963
1 0.2786458333333333 0.023148148148148147 0.026041666666666668 0.022222222222222223
1 0.37890625 0.04027777777777778 0.033854166666666664 0.023148148148148147
1 0.17760416666666667 0.05277777777777778 0.029166666666666667 0.022222222222222223
1 0.21380208333333334 0.05138888888888889 0.034895833333333334 0.021296296296296296
1 0.25078125 0.025925925925925925 0.030729166666666665 0.018518518518518517
1 0.43515625 0.03287037037037037 0.03802083333333333 0.021296296296296296
1 0.12005208333333334 0.5537037037037037 0.019270833333333334 0.012962962962962963
1 0.20703125 0.029166666666666667 0.04010416666666667 0.019444444444444445
1 0.17265625 0.02962962962962963 0.025520833333333333 0.020370370370370372
1 0.11927083333333334 0.5652777777777778 0.021875 0.01574074074074074
1 0.2591145833333333 0.04814814814814815 0.028645833333333332 0.020370370370370372
1 0.29348958333333336 0.046296296296296294 0.0328125 0.022222222222222223
1 0.12239583333333333 0.5393518518518519 0.016666666666666666 0.012037037037037037
1 0.40859375 0.03657407407407407 0.016145833333333335 0.019444444444444445
1 0.2375 0.050462962962962966 0.015625 0.019444444444444445
1 0.35625 0.0412037037037037 0.014583333333333334 0.023148148148148147
