0 0.82109375 0.38055555555555554 0.0828125 0.18703703703703703
0 0.8166666666666667 0.500462962962963 0.07708333333333334 0.05462962962962963
0 0.8143229166666667 0.5569444444444445 0.0765625 0.0712962962962963
1 0.8096354166666667 0.538425925925926 0.027604166666666666 0.01574074074074074
1 0.8059895833333334 0.5675925925925925 0.024479166666666666 0.016666666666666666
1 0.8098958333333334 0.5527777777777778 0.030208333333333334 0.016666666666666666
1 0.8369791666666667 0.5560185185185185 0.020833333333333332 0.013888888888888888
1 0.8278645833333333 0.5699074074074074 0.0203125 0.013888888888888888
1 0.8158854166666667 0.4115740740740741 0.021354166666666667 0.012037037037037037
1 0.7888020833333333 0.55 0.0109375 0.011111111111111112
1 0.8255208333333334 0.5407407407407407 0.013541666666666667 0.011111111111111112
