0 0.72265625 0.45 0.10677083333333333 0.10185185185185185
0 0.7234375 0.5509259259259259 0.06666666666666667 0.11296296296296296
0 0.6265625 0.7069444444444445 0.029166666666666667 0.18796296296296297
0 0.5640625 0.562962962962963 0.015625 0.06296296296296296
1 0.89375 0.22685185185185186 0.06041666666666667 0.027777777777777776
1 0.8924479166666667 0.1625 0.059895833333333336 0.028703703703703703
1 0.8953125 0.20694444444444443 0.05625 0.026851851851851852
1 0.9299479166666667 0.5060185185185185 0.013020833333333334 0.08796296296296297
1 0.9044270833333333 0.18009259259259258 0.033854166666666664 0.023148148148148147
1 0.9270833333333334 0.4337962962962963 0.023958333333333335 0.08796296296296297
1 0.7229166666666667 0.45046296296296295 0.06666666666666667 0.04722222222222222
1 0.7244791666666667 0.549074074074074 0.042708333333333334 0.07407407407407407
