0 0.7783854166666667 0.3300925925925926 0.11822916666666666 0.14166666666666666
0 0.78046875 0.4351851851851852 0.11510416666666666 0.09259259259259259
0 0.1359375 0.5439814814814815 0.04791666666666667 0.075
0 0.13854166666666667 0.5972222222222222 0.046875 0.04259259259259259
1 0.20989583333333334 0.40555555555555556 0.10416666666666667 0.040740740740740744
1 0.13880208333333333 0.6050925925925926 0.033854166666666664 0.013888888888888888
1 0.7716145833333333 0.44675925925925924 0.033854166666666664 0.01574074074074074
1 0.79296875 0.4615740740740741 0.025520833333333333 0.013888888888888888
1 0.7729166666666667 0.42916666666666664 0.034375 0.017592592592592594
1 0.7411458333333333 0.41435185185185186 0.03229166666666667 0.017592592592592594
1 0.8158854166666667 0.4064814814814815 0.030729166666666665 0.016666666666666666
1 0.78671875 0.4101851851851852 0.027604166666666666 0.016666666666666666
1 0.76484375 0.4638888888888889 0.019270833333333334 0.014814814814814815
1 0.8005208333333333 0.4273148148148148 0.017708333333333333 0.013888888888888888
1 0.7973958333333333 0.4444444444444444 0.015625 0.012962962962962963
1 0.7346354166666667 0.43333333333333335 0.018229166666666668 0.016666666666666666
1 0.7682291666666666 0.41203703703703703 0.021875 0.016666666666666666
1 0.7484375 0.4324074074074074 0.0125 0.014814814814814815
1 0.8091145833333333 0.44351851851851853 0.0078125 0.014814814814814815
1 0.7760416666666666 0.4638888888888889 0.0125 0.012962962962962963
