0 0.9380208333333333 0.41388888888888886 0.04791666666666667 0.08333333333333333
0 0.27005208333333336 0.4930555555555556 0.0203125 0.06759259259259259
0 0.18046875 0.475462962962963 0.0546875 0.12314814814814815
0 0.8528645833333334 0.412962962962963 0.058854166666666666 0.06851851851851852
1 0.67578125 0.5310185185185186 0.0421875 0.025
1 0.6791666666666667 0.55 0.035416666666666666 0.024074074074074074
1 0.18776041666666668 0.49398148148148147 0.030729166666666665 0.017592592592592594
1 0.17265625 0.5189814814814815 0.022395833333333334 0.017592592592592594
1 0.8963541666666667 0.4597222222222222 0.034375 0.017592592592592594
1 0.8252604166666667 0.4476851851851852 0.03697916666666667 0.012037037037037037
1 0.175 0.42962962962962964 0.021875 0.016666666666666666
1 0.8916666666666667 0.4787037037037037 0.025 0.018518518518518517
1 0.18072916666666666 0.4791666666666667 0.021875 0.01574074074074074
1 0.17447916666666666 0.44722222222222224 0.019791666666666666 0.016666666666666666
1 0.8216145833333334 0.44074074074074077 0.03177083333333333 0.012962962962962963
1 0.19427083333333334 0.4310185185185185 0.013541666666666667 0.013888888888888888
1 0.81875 0.4583333333333333 0.029166666666666667 0.011111111111111112
1 0.19114583333333332 0.44675925925925924 0.010416666666666666 0.019444444444444445
