0 0.7481770833333333 0.6337962962962963 0.1515625 0.19722222222222222
0 0.8059895833333334 0.44074074074074077 0.10364583333333334 0.16296296296296298
1 0.7083333333333334 0.5722222222222222 0.027083333333333334 0.022222222222222223
1 0.771875 0.5972222222222222 0.03333333333333333 0.025925925925925925
1 0.7364583333333333 0.5833333333333334 0.022916666666666665 0.020370370370370372
1 0.7752604166666667 0.6597222222222222 0.016145833333333335 0.019444444444444445
1 0.7473958333333334 0.6310185185185185 0.023958333333333335 0.023148148148148147
1 0.7161458333333334 0.6171296296296296 0.030208333333333334 0.025
1 0.7135416666666666 0.6300925925925925 0.036458333333333336 0.028703703703703703
1 0.7583333333333333 0.6217592592592592 0.025 0.023148148148148147
1 0.7322916666666667 0.6097222222222223 0.022916666666666665 0.021296296296296296
1 0.7083333333333334 0.586574074074074 0.025 0.021296296296296296
1 0.7721354166666666 0.6425925925925926 0.027604166666666666 0.025925925925925925
1 0.71015625 0.6412037037037037 0.033854166666666664 0.026851851851851852
1 0.7388020833333333 0.5995370370370371 0.0296875 0.025
1 0.7440104166666667 0.6458333333333334 0.025520833333333333 0.025
1 0.7130208333333333 0.6013888888888889 0.01875 0.019444444444444445
1 0.7630208333333334 0.6541666666666667 0.014583333333333334 0.019444444444444445
1 0.7020833333333333 0.5976851851851852 0.015625 0.019444444444444445
