0 0.7442708333333333 0.3375 0.036458333333333336 0.125
1 0.7455729166666667 0.33796296296296297 0.030729166666666665 0.05555555555555555
1 0.8651041666666667 0.20185185185185187 0.025 0.012962962962962963
1 0.8536458333333333 0.21481481481481482 0.03229166666666667 0.016666666666666666
1 0.7776041666666667 0.21666666666666667 0.019791666666666666 0.011111111111111112
1 0.78046875 0.22685185185185186 0.0265625 0.012962962962962963
1 0.8692708333333333 0.23148148148148148 0.027083333333333334 0.018518518518518517
1 0.81328125 0.22175925925925927 0.018229166666666668 0.012037037037037037
1 0.8096354166666667 0.21064814814814814 0.015104166666666667 0.012037037037037037
1 0.8442708333333333 0.20601851851851852 0.014583333333333334 0.012037037037037037
1 0.80078125 0.22314814814814815 0.015104166666666667 0.012962962962962963
1 0.8338541666666667 0.20694444444444443 0.009375 0.012037037037037037
1 0.8244791666666667 0.20787037037037037 0.010416666666666666 0.012037037037037037
1 0.8234375 0.22037037037037038 0.011458333333333333 0.011111111111111112
