0 0.10989583333333333 0.3888888888888889 0.06770833333333333 0.07962962962962963
0 0.3734375 0.41064814814814815 0.015625 0.03981481481481482
1 0.8184895833333333 0.4925925925925926 0.0484375 0.020370370370370372
1 0.8033854166666666 0.5361111111111111 0.0265625 0.012962962962962963
1 0.80390625 0.5962962962962963 0.024479166666666666 0.011111111111111112
1 0.8010416666666667 0.5509259259259259 0.022916666666666665 0.012962962962962963
1 0.8020833333333334 0.5662037037037037 0.022916666666666665 0.012037037037037037
1 0.7997395833333333 0.5814814814814815 0.018229166666666668 0.011111111111111112
1 0.8140625 0.5810185185185185 0.014583333333333334 0.010185185185185186
1 0.81796875 0.5657407407407408 0.0140625 0.012962962962962963
