0 0.6723958333333333 0.1726851851851852 0.035416666666666666 0.14537037037037037
1 0.8299479166666667 0.6625 0.0796875 0.028703703703703703
1 0.8401041666666667 0.4078703703703704 0.06666666666666667 0.025
1 0.8338541666666667 0.6847222222222222 0.06354166666666666 0.025
1 0.82421875 0.5115740740740741 0.049479166666666664 0.017592592592592594
1 0.8135416666666667 0.5412037037037037 0.058333333333333334 0.026851851851851852
1 0.81171875 0.5805555555555556 0.034895833333333334 0.03148148148148148
1 0.8260416666666667 0.49537037037037035 0.05625 0.022222222222222223
1 0.8625 0.5375 0.034375 0.010185185185185186
1 0.90234375 0.6189814814814815 0.027604166666666666 0.012037037037037037
1 0.8744791666666667 0.6189814814814815 0.023958333333333335 0.012037037037037037
1 0.88984375 0.47453703703703703 0.0234375 0.01574074074074074
1 0.8244791666666667 0.5995370370370371 0.027083333333333334 0.012037037037037037
1 0.6981770833333333 0.47129629629629627 0.034895833333333334 0.018518518518518517
1 0.9015625 0.6583333333333333 0.026041666666666668 0.020370370370370372
1 0.8651041666666667 0.475462962962963 0.023958333333333335 0.01574074074074074
1 0.9010416666666666 0.6324074074074074 0.029166666666666667 0.012962962962962963
1 0.8111979166666666 0.6157407407407407 0.015104166666666667 0.011111111111111112
1 0.8796875 0.600925925925926 0.026041666666666668 0.011111111111111112
1 0.8557291666666667 0.6180555555555556 0.01875 0.012037037037037037
1 0.6921875 0.4962962962962963 0.014583333333333334 0.012962962962962963
1 0.8109375 0.4773148148148148 0.022916666666666665 0.013888888888888888
1 0.8252604166666667 0.6166666666666667 0.018229166666666668 0.011111111111111112
1 0.8244791666666667 0.42453703703703705 0.03229166666666667 0.013888888888888888
1 0.7080729166666667 0.49537037037037035 0.015104166666666667 0.012962962962962963
1 0.8494791666666667 0.6 0.027083333333333334 0.011111111111111112
1 0.7903645833333334 0.6064814814814815 0.018229166666666668 0.022222222222222223
1 0.83984375 0.6166666666666667 0.0109375 0.011111111111111112
1 0.8518229166666667 0.41944444444444445 0.0390625 0.016666666666666666
1 0.9453125 0.3476851851851852 0.013541666666666667 0.075
1 0.8169270833333333 0.6300925925925925 0.022395833333333334 0.013888888888888888
