0 0.5481770833333334 0.44675925925925924 0.0203125 0.03981481481481482
0 0.64921875 0.4888888888888889 0.04114583333333333 0.03888888888888889
0 0.6486979166666667 0.43472222222222223 0.0421875 0.075
1 0.6479166666666667 0.45416666666666666 0.026041666666666668 0.023148148148148147
1 0.8239583333333333 0.4791666666666667 0.023958333333333335 0.010185185185185186
1 0.909375 0.44212962962962965 0.03333333333333333 0.021296296296296296
1 0.79765625 0.33611111111111114 0.030729166666666665 0.012962962962962963
1 0.82421875 0.524074074074074 0.0328125 0.011111111111111112
1 0.8236979166666667 0.48935185185185187 0.025520833333333333 0.010185185185185186
1 0.7794270833333333 0.5231481481481481 0.028645833333333332 0.012962962962962963
1 0.8854166666666666 0.44351851851851853 0.016666666666666666 0.018518518518518517
1 0.9020833333333333 0.41574074074074074 0.046875 0.014814814814814815
1 0.7716145833333333 0.34074074074074073 0.0171875 0.012962962962962963
