0 0.8208333333333333 0.39675925925925926 0.13125 0.12314814814814815
0 0.5278645833333333 0.4324074074074074 0.027604166666666666 0.05
0 0.52890625 0.48055555555555557 0.027604166666666666 0.05
1 0.8270833333333333 0.3921296296296296 0.10520833333333333 0.0712962962962963
1 0.2703125 0.9157407407407407 0.11979166666666667 0.05740740740740741
1 0.48359375 0.8662037037037037 0.11822916666666666 0.06018518518518518
1 0.18854166666666666 0.9361111111111111 0.115625 0.06111111111111111
1 0.40989583333333335 0.8819444444444444 0.10104166666666667 0.05648148148148148
1 0.10286458333333333 0.9583333333333334 0.07239583333333334 0.05
1 0.5278645833333333 0.4351851851851852 0.016145833333333335 0.020370370370370372
1 0.528125 0.4125 0.0125 0.010185185185185186
