0 0.64921875 0.3638888888888889 0.06614583333333333 0.05740740740740741
0 0.64375 0.5347222222222222 0.06458333333333334 0.062037037037037036
0 0.6515625 0.2777777777777778 0.06458333333333334 0.11296296296296296
0 0.646875 0.45 0.06458333333333334 0.1111111111111111
1 0.6510416666666666 0.2773148148148148 0.051041666666666666 0.08425925925925926
1 0.6385416666666667 0.5236111111111111 0.03854166666666667 0.021296296296296296
1 0.6341145833333334 0.37407407407407406 0.027604166666666666 0.016666666666666666
1 0.66328125 0.37407407407407406 0.027604166666666666 0.018518518518518517
1 0.6377604166666667 0.5430555555555555 0.025520833333333333 0.019444444444444445
1 0.64375 0.35138888888888886 0.022916666666666665 0.021296296296296296
1 0.6640625 0.5254629629629629 0.0125 0.01574074074074074
1 0.36796875 0.513425925925926 0.033854166666666664 0.026851851851851852
1 0.659375 0.5449074074074074 0.011458333333333333 0.021296296296296296
1 0.6580729166666667 0.3523148148148148 0.015104166666666667 0.017592592592592594
