0 0.7986979166666667 0.40555555555555556 0.08802083333333334 0.09074074074074075
0 0.79765625 0.2972222222222222 0.0859375 0.13518518518518519
1 0.8127604166666667 0.42685185185185187 0.04114583333333333 0.024074074074074074
1 0.5828125 0.27037037037037037 0.01875 0.07037037037037037
1 0.5919270833333333 0.3347222222222222 0.0328125 0.03796296296296296
1 0.7916666666666666 0.38333333333333336 0.04375 0.020370370370370372
1 0.7770833333333333 0.43148148148148147 0.025 0.018518518518518517
1 0.8026041666666667 0.40555555555555556 0.041666666666666664 0.022222222222222223
1 0.8203125 0.3819444444444444 0.015625 0.021296296296296296
1 0.7721354166666666 0.4083333333333333 0.015104166666666667 0.020370370370370372
1 0.8268229166666666 0.40370370370370373 0.011979166666666667 0.020370370370370372
