0 0.8153645833333333 0.4083333333333333 0.07760416666666667 0.12222222222222222
0 0.8140625 0.5023148148148148 0.07604166666666666 0.0712962962962963
1 0.8309895833333333 0.4824074074074074 0.0328125 0.016666666666666666
1 0.7955729166666666 0.5208333333333334 0.0234375 0.01574074074074074
1 0.7921875 0.48333333333333334 0.023958333333333335 0.016666666666666666
1 0.8177083333333334 0.5013888888888889 0.022916666666666665 0.01574074074074074
1 0.8364583333333333 0.5194444444444445 0.0125 0.018518518518518517
1 0.7966145833333333 0.5018518518518519 0.0109375 0.014814814814814815
1 0.8161458333333333 0.5189814814814815 0.0125 0.017592592592592594
1 0.8296875 0.5009259259259259 0.0125 0.012962962962962963
1 0.8104166666666667 0.48333333333333334 0.010416666666666666 0.014814814814814815
1 0.8270833333333333 0.5199074074074074 0.008333333333333333 0.01574074074074074
