0 0.7583333333333333 0.40925925925925927 0.13229166666666667 0.1925925925925926
0 0.48489583333333336 0.36527777777777776 0.03333333333333333 0.05648148148148148
1 0.9377604166666667 0.487962962962963 0.0546875 0.03148148148148148
1 0.7796875 0.5064814814814815 0.025 0.012962962962962963
1 0.7072916666666667 0.5115740740740741 0.03333333333333333 0.019444444444444445
1 0.784375 0.5365740740740741 0.013541666666666667 0.012037037037037037
1 0.7729166666666667 0.5217592592592593 0.01875 0.012037037037037037
1 0.7927083333333333 0.5217592592592593 0.020833333333333332 0.01574074074074074
1 0.6755208333333333 0.5055555555555555 0.016666666666666666 0.012962962962962963
1 0.7861979166666667 0.47824074074074074 0.016145833333333335 0.012037037037037037
1 0.78984375 0.4935185185185185 0.0171875 0.016666666666666666
1 0.7705729166666667 0.47962962962962963 0.0140625 0.012962962962962963
1 0.7723958333333333 0.49398148148148147 0.014583333333333334 0.012037037037037037
1 0.66328125 0.5037037037037037 0.011979166666666667 0.012962962962962963
