0 0.71875 0.46111111111111114 0.065625 0.11296296296296296
0 0.6895833333333333 0.5986111111111111 0.10104166666666667 0.14166666666666666
1 0.6919270833333333 0.5976851851851852 0.016145833333333335 0.017592592592592594
1 0.6864583333333333 0.5643518518518519 0.01875 0.01574074074074074
1 0.6911458333333333 0.5893518518518519 0.016666666666666666 0.017592592592592594
1 0.7046875 0.5949074074074074 0.015625 0.017592592592592594
1 0.6864583333333333 0.5763888888888888 0.020833333333333332 0.017592592592592594
1 0.71171875 0.5736111111111111 0.016145833333333335 0.01574074074074074
1 0.6658854166666667 0.5569444444444445 0.0171875 0.01574074074074074
1 0.70078125 0.5699074074074074 0.015104166666666667 0.01574074074074074
1 0.6716145833333333 0.600925925925926 0.021354166666666667 0.016666666666666666
1 0.70625 0.6050925925925926 0.01875 0.021296296296296296
1 0.6671875 0.5777777777777777 0.015625 0.016666666666666666
1 0.6744791666666666 0.5916666666666667 0.017708333333333333 0.014814814814814815
1 0.6794270833333333 0.5842592592592593 0.018229166666666668 0.016666666666666666
