0 0.79921875 0.46064814814814814 0.1484375 0.2101851851851852
0 0.86484375 0.5199074074074074 0.044270833333333336 0.030555555555555555
0 0.8604166666666667 0.5453703703703704 0.042708333333333334 0.03518518518518519
0 0.8640625 0.49444444444444446 0.042708333333333334 0.027777777777777776
0 0.859375 0.4671296296296296 0.042708333333333334 0.028703703703703703
0 0.7458333333333333 0.44907407407407407 0.04479166666666667 0.07962962962962963
0 0.68203125 0.4476851851851852 0.024479166666666666 0.041666666666666664
1 0.7458333333333333 0.4689814814814815 0.027083333333333334 0.023148148148148147
1 0.8598958333333333 0.5175925925925926 0.027083333333333334 0.022222222222222223
1 0.85390625 0.4925925925925926 0.021354166666666667 0.018518518518518517
1 0.8588541666666667 0.4666666666666667 0.016666666666666666 0.018518518518518517
