0 0.1921875 0.4486111111111111 0.15 0.08796296296296297
0 0.19166666666666668 0.38472222222222224 0.15 0.11203703703703703
1 0.19427083333333334 0.38981481481481484 0.041666666666666664 0.03888888888888889
1 0.18151041666666667 0.4532407407407407 0.06302083333333333 0.041666666666666664
1 0.21901041666666668 0.3333333333333333 0.027604166666666666 0.02962962962962963
1 0.22864583333333333 0.45740740740740743 0.03229166666666667 0.02962962962962963
1 0.21953125 0.31296296296296294 0.0234375 0.020370370370370372
1 0.17291666666666666 0.2916666666666667 0.04479166666666667 0.03148148148148148
1 0.19401041666666666 0.2773148148148148 0.0328125 0.026851851851851852
1 0.21927083333333333 0.30277777777777776 0.020833333333333332 0.018518518518518517
1 0.16171875 0.37916666666666665 0.025520833333333333 0.03796296296296296
1 0.21692708333333333 0.2898148148148148 0.021354166666666667 0.018518518518518517
1 0.184375 0.28425925925925927 0.03854166666666667 0.027777777777777776
1 0.20390625 0.2953703703703704 0.025520833333333333 0.024074074074074074
1 0.15963541666666667 0.27314814814814814 0.027604166666666666 0.025925925925925925
