0 0.5828125 0.46805555555555556 0.06770833333333333 0.1398148148148148
0 0.5947916666666667 0.3819444444444444 0.15 0.058333333333333334
1 0.6140625 0.3837962962962963 0.052083333333333336 0.025
1 0.9598958333333333 0.5986111111111111 0.08125 0.05277777777777778
1 0.5729166666666666 0.3819444444444444 0.028125 0.023148148148148147
1 0.5520833333333334 0.3398148148148148 0.027083333333333334 0.022222222222222223
1 0.6546875 0.32546296296296295 0.020833333333333332 0.012037037037037037
1 0.6518229166666667 0.3421296296296296 0.027604166666666666 0.019444444444444445
1 0.55234375 0.3814814814814815 0.015104166666666667 0.022222222222222223
1 0.6307291666666667 0.34074074074074073 0.015625 0.022222222222222223
1 0.53046875 0.33935185185185185 0.013020833333333334 0.028703703703703703
