0 0.91171875 0.42916666666666664 0.09010416666666667 0.030555555555555555
0 0.9119791666666667 0.4023148148148148 0.090625 0.03425925925925926
0 0.9065104166666667 0.4537037037037037 0.0921875 0.03333333333333333
0 0.7268229166666667 0.36203703703703705 0.0203125 0.08888888888888889
1 0.88515625 0.4046296296296296 0.0328125 0.018518518518518517
1 0.89140625 0.4305555555555556 0.043229166666666666 0.020370370370370372
1 0.8859375 0.44907407407407407 0.023958333333333335 0.012962962962962963
1 0.8083333333333333 0.4236111111111111 0.029166666666666667 0.019444444444444445
1 0.7955729166666666 0.4064814814814815 0.021354166666666667 0.012962962962962963
1 0.7854166666666667 0.4398148148148148 0.025 0.014814814814814815
1 0.6364583333333333 0.4356481481481482 0.027083333333333334 0.017592592592592594
1 0.7815104166666667 0.42268518518518516 0.021354166666666667 0.019444444444444445
1 0.80859375 0.44027777777777777 0.019270833333333334 0.012037037037037037
