0 0.1609375 0.3736111111111111 0.10729166666666666 0.14907407407407408
0 0.5333333333333333 0.45787037037037037 0.016666666666666666 0.028703703703703703
0 0.5328125 0.42407407407407405 0.026041666666666668 0.040740740740740744
0 0.6880208333333333 0.4847222222222222 0.016666666666666666 0.030555555555555555
1 0.71328125 0.4601851851851852 0.03697916666666667 0.012962962962962963
1 0.70234375 0.4388888888888889 0.03697916666666667 0.012962962962962963
1 0.7036458333333333 0.449537037037037 0.040625 0.013888888888888888
1 0.6864583333333333 0.4212962962962963 0.035416666666666666 0.014814814814814815
1 0.73671875 0.4398148148148148 0.0265625 0.011111111111111112
1 0.73359375 0.45046296296296295 0.030729166666666665 0.012037037037037037
1 0.7161458333333334 0.42314814814814816 0.022916666666666665 0.012962962962962963
1 0.734375 0.4236111111111111 0.013541666666666667 0.008333333333333333
1 0.7481770833333333 0.42407407407407405 0.009895833333333333 0.007407407407407408
