0 0.8416666666666667 0.4287037037037037 0.07291666666666667 0.17777777777777778
0 0.8348958333333333 0.538425925925926 0.065625 0.05277777777777778
1 0.8447916666666667 0.3277777777777778 0.05 0.03333333333333333
1 0.8403645833333333 0.45601851851851855 0.03697916666666667 0.017592592592592594
1 0.8395833333333333 0.4703703703703704 0.026041666666666668 0.016666666666666666
1 0.8424479166666666 0.5435185185185185 0.0171875 0.03148148148148148
1 0.5268229166666667 0.4981481481481482 0.022395833333333334 0.014814814814814815
1 0.8341145833333333 0.30648148148148147 0.024479166666666666 0.016666666666666666
1 0.8447916666666667 0.4962962962962963 0.015625 0.018518518518518517
1 0.8518229166666667 0.30787037037037035 0.0203125 0.017592592592592594
