0 0.8528645833333334 0.4351851851851852 0.07760416666666667 0.11666666666666667
0 0.9640625 0.46805555555555556 0.06979166666666667 0.03981481481481482
0 0.21901041666666668 0.4842592592592593 0.0171875 0.03888888888888889
0 0.6958333333333333 0.44351851851851853 0.029166666666666667 0.05185185185185185
0 0.9638020833333333 0.5717592592592593 0.07135416666666666 0.05277777777777778
0 0.9674479166666666 0.5365740740740741 0.06510416666666667 0.04537037037037037
0 0.9682291666666667 0.5023148148148148 0.06354166666666666 0.03796296296296296
1 0.9682291666666667 0.5347222222222222 0.04479166666666667 0.030555555555555555
1 0.9580729166666667 0.5018518518518519 0.0359375 0.027777777777777776
1 0.8526041666666667 0.4671296296296296 0.041666666666666664 0.03425925925925926
1 0.96796875 0.46574074074074073 0.0296875 0.024074074074074074
1 0.9505208333333334 0.5587962962962963 0.019791666666666666 0.019444444444444445
1 0.3171875 0.4837962962962963 0.023958333333333335 0.010185185185185186
1 0.9776041666666667 0.5796296296296296 0.021875 0.016666666666666666
1 0.9583333333333334 0.575462962962963 0.029166666666666667 0.019444444444444445
