0 0.73359375 0.425 0.18072916666666666 0.07962962962962963
0 0.7346354166666667 0.4828703703703704 0.17864583333333334 0.07685185185185185
1 0.7078125 0.4875 0.06875 0.030555555555555555
1 0.7627604166666667 0.48148148148148145 0.04635416666666667 0.02962962962962963
1 0.8658854166666666 0.33796296296296297 0.03177083333333333 0.018518518518518517
1 0.7098958333333333 0.3787037037037037 0.03333333333333333 0.024074074074074074
1 0.7171875 0.4287037037037037 0.04791666666666667 0.03333333333333333
1 0.8635416666666667 0.3587962962962963 0.0375 0.023148148148148147
1 0.72421875 0.35694444444444445 0.05260416666666667 0.023148148148148147
1 0.7294270833333333 0.3962962962962963 0.034895833333333334 0.014814814814814815
1 0.6822916666666666 0.4310185185185185 0.019791666666666666 0.030555555555555555
1 0.6838541666666667 0.3837962962962963 0.014583333333333334 0.021296296296296296
1 0.68671875 0.36435185185185187 0.018229166666666668 0.01574074074074074
