0 0.5361979166666667 0.42083333333333334 0.021354166666666667 0.03796296296296296
0 0.6940104166666666 0.4675925925925926 0.0203125 0.05
0 0.5817708333333333 0.4828703703703704 0.023958333333333335 0.04351851851851852
1 0.8190104166666666 0.43703703703703706 0.0390625 0.018518518518518517
1 0.8190104166666666 0.48333333333333334 0.027604166666666666 0.020370370370370372
1 0.90625 0.32592592592592595 0.03125 0.024074074074074074
1 0.8395833333333333 0.46111111111111114 0.052083333333333336 0.027777777777777776
1 0.7908854166666667 0.45787037037037037 0.04739583333333333 0.026851851851851852
1 0.7802083333333333 0.49583333333333335 0.027083333333333334 0.017592592592592594
1 0.796875 0.4962962962962963 0.011458333333333333 0.012962962962962963
