0 0.8028645833333333 0.4587962962962963 0.0640625 0.10092592592592593
0 0.8052083333333333 0.337037037037037 0.09166666666666666 0.14444444444444443
0 0.7359375 0.4875 0.04479166666666667 0.03981481481481482
0 0.4578125 0.3282407407407407 0.020833333333333332 0.03796296296296296
0 0.7377604166666667 0.43333333333333335 0.04635416666666667 0.07222222222222222
0 0.7783854166666667 0.662962962962963 0.08385416666666666 0.11296296296296296
1 0.7361979166666667 0.4532407407407407 0.0265625 0.019444444444444445
1 0.7559895833333333 0.7 0.018229166666666668 0.012962962962962963
1 0.7708333333333334 0.6939814814814815 0.016666666666666666 0.01574074074074074
1 0.7401041666666667 0.4217592592592593 0.041666666666666664 0.041666666666666664
