0 0.8322916666666667 0.45601851851851855 0.12291666666666666 0.05092592592592592
0 0.8302083333333333 0.538425925925926 0.121875 0.04351851851851852
0 0.83125 0.49675925925925923 0.121875 0.04351851851851852
0 0.6486979166666667 0.49583333333333335 0.033854166666666664 0.05277777777777778
1 0.8419270833333333 0.45694444444444443 0.044270833333333336 0.021296296296296296
1 0.8096354166666667 0.5365740740740741 0.044270833333333336 0.021296296296296296
1 0.81796875 0.4976851851851852 0.030729166666666665 0.019444444444444445
1 0.8471354166666667 0.5365740740740741 0.03177083333333333 0.021296296296296296
1 0.6421875 0.5319444444444444 0.016666666666666666 0.012037037037037037
1 0.81015625 0.4601851851851852 0.021354166666666667 0.018518518518518517
1 0.7940104166666667 0.49675925925925923 0.011979166666666667 0.019444444444444445
1 0.7932291666666667 0.46064814814814814 0.011458333333333333 0.021296296296296296
1 0.6479166666666667 0.5037037037037037 0.014583333333333334 0.016666666666666666
