0 0.78828125 0.4111111111111111 0.24010416666666667 0.2574074074074074
0 0.5598958333333334 0.4935185185185185 0.015625 0.027777777777777776
0 0.5598958333333334 0.462037037037037 0.023958333333333335 0.037037037037037035
1 0.765625 0.3435185185185185 0.05625 0.03148148148148148
1 0.76640625 0.31666666666666665 0.0515625 0.02962962962962963
1 0.7083333333333334 0.4287037037037037 0.051041666666666666 0.027777777777777776
1 0.84375 0.40046296296296297 0.041666666666666664 0.026851851851851852
1 0.7036458333333333 0.399537037037037 0.04479166666666667 0.028703703703703703
1 0.8111979166666666 0.42962962962962964 0.0390625 0.025925925925925925
1 0.8486979166666667 0.4287037037037037 0.027604166666666666 0.024074074074074074
1 0.8059895833333334 0.40046296296296297 0.0265625 0.026851851851851852
1 0.55859375 0.4925925925925926 0.011979166666666667 0.024074074074074074
