0 0.16848958333333333 0.38055555555555554 0.11302083333333333 0.06481481481481481
0 0.73203125 0.5277777777777778 0.04739583333333333 0.044444444444444446
0 0.20859375 0.45925925925925926 0.033854166666666664 0.1037037037037037
0 0.7328125 0.45601851851851855 0.06875 0.10092592592592593
1 0.165625 0.38101851851851853 0.08645833333333333 0.03611111111111111
1 0.9127604166666666 0.2074074074074074 0.0578125 0.04259259259259259
1 0.9026041666666667 0.3212962962962963 0.034375 0.018518518518518517
1 0.909375 0.3375 0.052083333333333336 0.017592592592592594
1 0.73125 0.5180555555555556 0.034375 0.017592592592592594
1 0.7302083333333333 0.5314814814814814 0.022916666666666665 0.016666666666666666
1 0.9526041666666667 0.26296296296296295 0.011458333333333333 0.07592592592592592
