0 0.8208333333333333 0.4791666666666667 0.08854166666666667 0.10092592592592593
0 0.8276041666666667 0.36435185185185187 0.08125 0.1361111111111111
1 0.41640625 0.5726851851851852 0.07760416666666667 0.030555555555555555
1 0.8143229166666667 0.4685185185185185 0.03802083333333333 0.022222222222222223
1 0.8046875 0.44722222222222224 0.03854166666666667 0.024074074074074074
1 0.8002604166666667 0.48842592592592593 0.024479166666666666 0.019444444444444445
1 0.8471354166666667 0.45046296296296295 0.022395833333333334 0.017592592592592594
1 0.8421875 0.4722222222222222 0.020833333333333332 0.016666666666666666
1 0.82265625 0.5069444444444444 0.018229166666666668 0.019444444444444445
1 0.834375 0.49212962962962964 0.014583333333333334 0.017592592592592594
1 0.79921875 0.5046296296296297 0.015104166666666667 0.014814814814814815
1 0.8473958333333333 0.49398148148148147 0.013541666666666667 0.01574074074074074
1 0.8377604166666667 0.5087962962962963 0.013020833333333334 0.01574074074074074
1 0.059895833333333336 0.07962962962962963 0.023958333333333335 0.03888888888888889
1 0.8166666666666667 0.49074074074074076 0.014583333333333334 0.016666666666666666
1 0.83046875 0.45 0.011979166666666667 0.014814814814814815
