0 0.7830729166666667 0.19212962962962962 0.11197916666666667 0.17685185185185184
0 0.62578125 0.4550925925925926 0.019270833333333334 0.03425925925925926
1 0.96171875 0.12731481481481483 0.06927083333333334 0.06018518518518518
1 0.5427083333333333 0.24814814814814815 0.03333333333333333 0.011111111111111112
1 0.4830729166666667 0.2337962962962963 0.0671875 0.028703703703703703
1 0.42083333333333334 0.2518518518518518 0.027083333333333334 0.009259259259259259
1 0.5354166666666667 0.26296296296296295 0.026041666666666668 0.011111111111111112
1 0.42109375 0.2324074074074074 0.043229166666666666 0.027777777777777776
1 0.4421875 0.2537037037037037 0.025 0.009259259259259259
1 0.56171875 0.2310185185185185 0.015104166666666667 0.01574074074074074
1 0.5471354166666667 0.23055555555555557 0.015104166666666667 0.016666666666666666
1 0.4427083333333333 0.26342592592592595 0.022916666666666665 0.012037037037037037
1 0.5325520833333334 0.2300925925925926 0.015104166666666667 0.01574074074074074
1 0.4591145833333333 0.2537037037037037 0.0234375 0.012962962962962963
