0 0.86328125 0.4759259259259259 0.0984375 0.03518518518518519
0 0.8783854166666667 0.5402777777777777 0.09739583333333333 0.03611111111111111
0 0.8692708333333333 0.5717592592592593 0.09791666666666667 0.03611111111111111
0 0.8770833333333333 0.5087962962962963 0.09375 0.03425925925925926
0 0.05130208333333333 0.3861111111111111 0.08802083333333334 0.1037037037037037
1 0.8713541666666667 0.5388888888888889 0.06041666666666667 0.027777777777777776
1 0.8580729166666666 0.5083333333333333 0.050520833333333334 0.02962962962962963
1 0.8700520833333333 0.475 0.04114583333333333 0.024074074074074074
1 0.8486979166666667 0.5643518518518519 0.0265625 0.01574074074074074
1 0.8536458333333333 0.5773148148148148 0.03125 0.013888888888888888
1 0.8893229166666666 0.5791666666666667 0.0265625 0.01574074074074074
