0 0.20911458333333333 0.5930555555555556 0.06614583333333333 0.10462962962962963
0 0.07994791666666666 0.41759259259259257 0.019270833333333334 0.027777777777777776
1 0.77890625 0.4425925925925926 0.0859375 0.04259259259259259
1 0.971875 0.5504629629629629 0.03958333333333333 0.01574074074074074
1 0.9072916666666667 0.42407407407407405 0.11145833333333334 0.05185185185185185
1 0.7721354166666666 0.4986111111111111 0.049479166666666664 0.017592592592592594
1 0.7934895833333333 0.5287037037037037 0.04114583333333333 0.018518518518518517
1 0.7302083333333333 0.49722222222222223 0.03854166666666667 0.016666666666666666
1 0.97265625 0.5814814814814815 0.050520833333333334 0.020370370370370372
1 0.9671875 0.5074074074074074 0.03125 0.012962962962962963
1 0.7802083333333333 0.5143518518518518 0.034375 0.013888888888888888
1 0.07942708333333333 0.41574074074074074 0.016145833333333335 0.012962962962962963
1 0.7122395833333334 0.5212962962962963 0.030729166666666665 0.016666666666666666
1 0.9700520833333334 0.5356481481481481 0.0296875 0.013888888888888888
1 0.9317708333333333 0.5787037037037037 0.029166666666666667 0.020370370370370372
1 0.9697916666666667 0.5203703703703704 0.035416666666666666 0.014814814814814815
1 0.8536458333333333 0.4527777777777778 0.022916666666666665 0.014814814814814815
1 0.75390625 0.525 0.0359375 0.018518518518518517
1 0.7427083333333333 0.5393518518518519 0.020833333333333332 0.017592592592592594
1 0.9625 0.47962962962962963 0.025 0.014814814814814815
1 0.884375 0.45185185185185184 0.021875 0.012962962962962963
1 0.7690104166666667 0.5416666666666666 0.018229166666666668 0.016666666666666666
1 0.9828125 0.4925925925925926 0.025 0.012962962962962963
1 0.8596354166666667 0.5689814814814815 0.0171875 0.017592592592592594
1 0.9869791666666666 0.4791666666666667 0.021875 0.012037037037037037
1 0.8455729166666667 0.5671296296296297 0.011979166666666667 0.01574074074074074
1 0.88828125 0.5726851851851852 0.0140625 0.017592592592592594
1 0.8755208333333333 0.5717592592592593 0.0125 0.01574074074074074
1 0.7283854166666667 0.5226851851851851 0.0109375 0.012037037037037037
1 0.96171875 0.49166666666666664 0.0234375 0.014814814814814815
