0 0.77265625 0.45925925925925926 0.0171875 0.04814814814814815
1 0.20755208333333333 0.24675925925925926 0.07135416666666666 0.03981481481481482
1 0.19713541666666667 0.3013888888888889 0.034895833333333334 0.010185185185185186
1 0.07916666666666666 0.4356481481481482 0.034375 0.03611111111111111
1 0.68125 0.48703703703703705 0.023958333333333335 0.012962962962962963
1 0.19791666666666666 0.3125 0.03854166666666667 0.013888888888888888
1 0.6731770833333334 0.4425925925925926 0.0328125 0.012962962962962963
1 0.07708333333333334 0.45740740740740743 0.025 0.027777777777777776
1 0.225 0.31203703703703706 0.014583333333333334 0.011111111111111112
1 0.6848958333333334 0.45925925925925926 0.015625 0.012962962962962963
1 0.6700520833333333 0.4597222222222222 0.0140625 0.013888888888888888
1 0.6971354166666667 0.46064814814814814 0.0109375 0.013888888888888888
