0 0.6481770833333333 0.43194444444444446 0.07239583333333334 0.0712962962962963
0 0.47994791666666664 0.4425925925925926 0.024479166666666666 0.040740740740740744
0 0.48046875 0.4824074074074074 0.022395833333333334 0.03888888888888889
1 0.6486979166666667 0.42916666666666664 0.06197916666666667 0.041666666666666664
1 0.39505208333333336 0.7407407407407407 0.0296875 0.020370370370370372
1 0.42630208333333336 0.7333333333333333 0.0296875 0.018518518518518517
1 0.8708333333333333 0.45 0.01875 0.018518518518518517
1 0.45755208333333336 0.725925925925926 0.027604166666666666 0.018518518518518517
1 0.8536458333333333 0.45416666666666666 0.01875 0.017592592592592594
1 0.35859375 0.75 0.033854166666666664 0.020370370370370372
