0 0.8393229166666667 0.3888888888888889 0.0671875 0.1111111111111111
0 0.58671875 0.4689814814814815 0.0234375 0.04351851851851852
0 0.11927083333333334 0.44074074074074077 0.06979166666666667 0.10555555555555556
0 0.57109375 0.46296296296296297 0.019270833333333334 0.03148148148148148
1 0.64921875 0.15092592592592594 0.06927083333333334 0.03333333333333333
1 0.9091145833333333 0.5027777777777778 0.11510416666666666 0.046296296296296294
1 0.6572916666666667 0.39444444444444443 0.040625 0.012962962962962963
1 0.9286458333333333 0.5407407407407407 0.051041666666666666 0.025925925925925925
1 0.88359375 0.5370370370370371 0.034895833333333334 0.022222222222222223
1 0.8520833333333333 0.5351851851851852 0.017708333333333333 0.020370370370370372
1 0.19505208333333332 0.5425925925925926 0.06614583333333333 0.046296296296296294
