0 0.8020833333333334 0.4273148148148148 0.128125 0.10092592592592593
0 0.8046875 0.30277777777777776 0.13229166666666667 0.15555555555555556
1 0.8447916666666667 0.27870370370370373 0.041666666666666664 0.06481481481481481
1 0.7966145833333333 0.41712962962962963 0.03802083333333333 0.017592592592592594
1 0.79375 0.4375 0.03854166666666667 0.019444444444444445
1 0.7598958333333333 0.3972222222222222 0.035416666666666666 0.020370370370370372
1 0.8158854166666667 0.4564814814814815 0.030729166666666665 0.016666666666666666
1 0.84296875 0.3939814814814815 0.034895833333333334 0.019444444444444445
1 0.7903645833333334 0.3962962962962963 0.0234375 0.018518518518518517
1 0.8104166666666667 0.3958333333333333 0.029166666666666667 0.017592592592592594
1 0.7828125 0.45740740740740743 0.019791666666666666 0.018518518518518517
1 0.8265625 0.4166666666666667 0.020833333333333332 0.016666666666666666
1 0.7520833333333333 0.41944444444444445 0.017708333333333333 0.018518518518518517
1 0.8213541666666667 0.43657407407407406 0.01875 0.01574074074074074
1 0.76796875 0.41898148148148145 0.011979166666666667 0.01574074074074074
1 0.8354166666666667 0.43703703703703706 0.009375 0.018518518518518517
