0 0.8125 0.45092592592592595 0.09479166666666666 0.03333333333333333
0 0.8119791666666667 0.4810185185185185 0.09479166666666666 0.030555555555555555
0 0.8125 0.42314814814814816 0.09375 0.03518518518518519
0 0.0890625 0.5101851851851852 0.036458333333333336 0.05185185185185185
1 0.8236979166666667 0.4217592592592593 0.034895833333333334 0.017592592592592594
1 0.796875 0.48194444444444445 0.0375 0.017592592592592594
1 0.7927083333333333 0.425462962962963 0.020833333333333332 0.013888888888888888
1 0.80390625 0.4532407407407407 0.0265625 0.01574074074074074
1 0.8270833333333333 0.48148148148148145 0.025 0.014814814814814815
1 0.7830729166666667 0.4532407407407407 0.013020833333333334 0.017592592592592594
