0 0.6895833333333333 0.09768518518518518 0.08020833333333334 0.14537037037037037
0 0.6828125 0.24166666666666667 0.07916666666666666 0.14629629629629629
0 0.6794270833333333 0.3453703703703704 0.07760416666666667 0.06851851851851852
0 0.2877604166666667 0.21064814814814814 0.0234375 0.04351851851851852
0 0.28567708333333336 0.2513888888888889 0.024479166666666666 0.03981481481481482
0 0.28619791666666666 0.3023148148148148 0.027604166666666666 0.049074074074074076
1 0.8153645833333333 0.2375 0.11822916666666666 0.08055555555555556
1 0.67890625 0.3560185185185185 0.0421875 0.028703703703703703
1 0.67421875 0.3333333333333333 0.0421875 0.027777777777777776
1 0.28619791666666666 0.30462962962962964 0.018229166666666668 0.012962962962962963
1 0.2872395833333333 0.2101851851851852 0.0171875 0.022222222222222223
1 0.7010416666666667 0.33796296296296297 0.015625 0.020370370370370372
