0 0.22473958333333333 0.3976851851851852 0.10572916666666667 0.06944444444444445
0 0.3302083333333333 0.39351851851851855 0.10208333333333333 0.06296296296296296
0 0.5825520833333333 0.35694444444444445 0.06822916666666666 0.028703703703703703
0 0.5828125 0.33240740740740743 0.06770833333333333 0.027777777777777776
0 0.5833333333333334 0.30648148148148147 0.06770833333333333 0.03333333333333333
0 0.5841145833333333 0.2796296296296296 0.06822916666666666 0.03148148148148148
0 0.37057291666666664 0.3384259259259259 0.04114583333333333 0.03425925925925926
0 0.36770833333333336 0.26944444444444443 0.04479166666666667 0.11296296296296296
0 0.37421875 0.43796296296296294 0.04010416666666667 0.03333333333333333
1 0.578125 0.35648148148148145 0.029166666666666667 0.018518518518518517
1 0.5815104166666667 0.3314814814814815 0.030729166666666665 0.020370370370370372
1 0.5815104166666667 0.28055555555555556 0.025520833333333333 0.018518518518518517
1 0.5807291666666666 0.3060185185185185 0.025 0.017592592592592594
