0 0.790625 0.31342592592592594 0.103125 0.04722222222222222
0 0.7890625 0.3509259259259259 0.103125 0.044444444444444446
0 0.7877604166666666 0.3861111111111111 0.10364583333333334 0.044444444444444446
0 0.78671875 0.4236111111111111 0.10364583333333334 0.041666666666666664
0 0.7854166666666667 0.4597222222222222 0.103125 0.03796296296296296
0 0.78203125 0.5319444444444444 0.10364583333333334 0.03981481481481482
0 0.575 0.3453703703703704 0.021875 0.05740740740740741
0 0.5356770833333333 0.2972222222222222 0.013020833333333334 0.020370370370370372
0 0.4822916666666667 0.3148148148148148 0.0125 0.005555555555555556
0 0.4817708333333333 0.3212962962962963 0.0125 0.005555555555555556
1 0.7791666666666667 0.42962962962962964 0.04479166666666667 0.020370370370370372
1 0.778125 0.4134259259259259 0.040625 0.019444444444444445
1 0.7747395833333334 0.31203703703703706 0.0296875 0.024074074074074074
1 0.76875 0.45231481481481484 0.030208333333333334 0.021296296296296296
1 0.7786458333333334 0.3925925925925926 0.034375 0.014814814814814815
1 0.6484375 0.05555555555555555 0.022916666666666665 0.020370370370370372
1 0.6489583333333333 0.008333333333333333 0.023958333333333335 0.025925925925925925
1 0.7658854166666667 0.3472222222222222 0.016145833333333335 0.020370370370370372
1 0.7713541666666667 0.5324074074074074 0.03854166666666667 0.020370370370370372
1 0.7921875 0.48703703703703705 0.026041666666666668 0.024074074074074074
1 0.7653645833333333 0.4861111111111111 0.022395833333333334 0.018518518518518517
1 0.7643229166666666 0.4675925925925926 0.021354166666666667 0.018518518518518517
1 0.7786458333333334 0.5023148148148148 0.020833333333333332 0.01574074074074074
1 0.7864583333333334 0.46944444444444444 0.019791666666666666 0.020370370370370372
1 0.8020833333333334 0.5337962962962963 0.021875 0.017592592592592594
1 0.7604166666666666 0.5013888888888889 0.015625 0.017592592592592594
1 0.7690104166666667 0.3736111111111111 0.019270833333333334 0.013888888888888888
