0 0.8127604166666667 0.11342592592592593 0.0671875 0.12314814814814815
0 0.8109375 0.2967592592592593 0.06979166666666667 0.12685185185185185
1 0.2755208333333333 0.2152777777777778 0.09583333333333334 0.075
1 0.8885416666666667 0.3541666666666667 0.022916666666666665 0.025
1 0.7559895833333333 0.5152777777777777 0.0296875 0.017592592592592594
1 0.7354166666666667 0.5972222222222222 0.030208333333333334 0.022222222222222223
1 0.7627604166666667 0.5898148148148148 0.0265625 0.022222222222222223
1 0.7315104166666667 0.5212962962962963 0.0234375 0.016666666666666666
1 0.90234375 0.31296296296296294 0.043229166666666666 0.03333333333333333
1 0.92109375 0.14722222222222223 0.021354166666666667 0.022222222222222223
1 0.7192708333333333 0.30648148148148147 0.021875 0.020370370370370372
1 0.9411458333333333 0.14027777777777778 0.027083333333333334 0.025
