0 0.6338541666666667 0.06620370370370371 0.109375 0.04537037037037037
0 0.6317708333333333 0.14212962962962963 0.10833333333333334 0.04722222222222222
0 0.6291666666666667 0.2518518518518518 0.10833333333333334 0.04814814814814815
0 0.6309895833333333 0.17962962962962964 0.1078125 0.046296296296296294
0 0.6325520833333333 0.10462962962962963 0.10885416666666667 0.046296296296296294
1 0.61796875 0.16944444444444445 0.0390625 0.020370370370370372
1 0.6221354166666667 0.18518518518518517 0.044270833333333336 0.020370370370370372
1 0.61484375 0.06481481481481481 0.03177083333333333 0.022222222222222223
1 0.6635416666666667 0.3439814814814815 0.06354166666666666 0.028703703703703703
1 0.6161458333333333 0.2513888888888889 0.040625 0.021296296296296296
1 0.6059895833333333 0.10138888888888889 0.018229166666666668 0.021296296296296296
1 0.6213541666666667 0.14722222222222223 0.034375 0.016666666666666666
1 0.6458333333333334 0.13518518518518519 0.035416666666666666 0.016666666666666666
1 0.6565104166666667 0.3125 0.027604166666666666 0.019444444444444445
1 0.6096354166666667 0.2064814814814815 0.024479166666666666 0.020370370370370372
1 0.7606770833333333 0.31203703703703706 0.025520833333333333 0.011111111111111112
1 0.6364583333333333 0.20879629629629629 0.027083333333333334 0.023148148148148147
1 0.65234375 0.14907407407407408 0.025520833333333333 0.016666666666666666
1 0.6109375 0.13148148148148148 0.023958333333333335 0.016666666666666666
1 0.64765625 0.25555555555555554 0.0234375 0.018518518518518517
1 0.6229166666666667 0.22361111111111112 0.017708333333333333 0.01574074074074074
1 0.6044270833333333 0.22175925925925927 0.016145833333333335 0.017592592592592594
1 0.58671875 0.17731481481481481 0.016145833333333335 0.021296296296296296
1 0.9309895833333334 0.34629629629629627 0.07239583333333334 0.1574074074074074
