0 0.7252604166666666 0.3541666666666667 0.09322916666666667 0.14537037037037037
0 0.7299479166666667 0.44305555555555554 0.06302083333333333 0.06018518518518518
0 0.728125 0.5212962962962963 0.06145833333333333 0.10555555555555556
1 0.2604166666666667 0.5916666666666667 0.03229166666666667 0.025925925925925925
1 0.29010416666666666 0.6217592592592592 0.0375 0.019444444444444445
1 0.7286458333333333 0.43425925925925923 0.035416666666666666 0.02962962962962963
1 0.2734375 0.4930555555555556 0.036458333333333336 0.019444444444444445
1 0.24765625 0.5412037037037037 0.0296875 0.023148148148148147
1 0.7278645833333334 0.4546296296296296 0.0203125 0.018518518518518517
1 0.28098958333333335 0.5574074074074075 0.024479166666666666 0.022222222222222223
1 0.27057291666666666 0.5361111111111111 0.019270833333333334 0.020370370370370372
1 0.26145833333333335 0.5199074074074074 0.01875 0.017592592592592594
1 0.246875 0.5643518518518519 0.01875 0.021296296296296296
1 0.26276041666666666 0.5625 0.0203125 0.025
1 0.26458333333333334 0.4828703703703704 0.030208333333333334 0.023148148148148147
1 0.24479166666666666 0.5013888888888889 0.020833333333333332 0.01574074074074074
1 0.27057291666666666 0.5055555555555555 0.025520833333333333 0.016666666666666666
1 0.8822916666666667 0.7921296296296296 0.04895833333333333 0.021296296296296296
