0 0.79296875 0.3486111111111111 0.0890625 0.1398148148148148
1 0.9346354166666667 0.412962962962963 0.049479166666666664 0.018518518518518517
1 0.93515625 0.3958333333333333 0.044270833333333336 0.017592592592592594
1 0.9268229166666667 0.4449074074074074 0.03802083333333333 0.019444444444444445
1 0.9330729166666667 0.4287037037037037 0.04739583333333333 0.020370370370370372
1 0.9463541666666667 0.2861111111111111 0.028125 0.012962962962962963
1 0.96171875 0.537962962962963 0.0171875 0.012962962962962963
1 0.9888020833333333 0.43472222222222223 0.021354166666666667 0.021296296296296296
1 0.98359375 0.28564814814814815 0.028645833333333332 0.012037037037037037
1 0.9692708333333333 0.5532407407407407 0.0125 0.012037037037037037
1 0.95625 0.5513888888888889 0.011458333333333333 0.012037037037037037
1 0.9361979166666666 0.5472222222222223 0.025520833333333333 0.016666666666666666
1 0.9869791666666666 0.5430555555555555 0.017708333333333333 0.01574074074074074
1 0.9596354166666666 0.3037037037037037 0.013020833333333334 0.018518518518518517
1 0.9888020833333333 0.5532407407407407 0.0234375 0.019444444444444445
