0 0.7911458333333333 0.3277777777777778 0.10625 0.05555555555555555
0 0.7911458333333333 0.2763888888888889 0.10625 0.049074074074074076
1 0.79765625 0.287962962962963 0.04114583333333333 0.022222222222222223
1 0.7890625 0.26805555555555555 0.05 0.019444444444444445
1 0.2747395833333333 0.055092592592592596 0.0390625 0.03425925925925926
1 0.7770833333333333 0.3800925925925926 0.04375 0.028703703703703703
1 0.7794270833333333 0.36157407407407405 0.0328125 0.025
1 0.7708333333333334 0.32546296296296295 0.030208333333333334 0.028703703703703703
1 0.8015625 0.4222222222222222 0.030208333333333334 0.02962962962962963
1 0.7723958333333333 0.41759259259259257 0.028125 0.027777777777777776
1 0.809375 0.3851851851851852 0.022916666666666665 0.024074074074074074
1 0.8239583333333333 0.2675925925925926 0.025 0.018518518518518517
1 0.7940104166666667 0.3263888888888889 0.021354166666666667 0.023148148148148147
1 0.80234375 0.36435185185185187 0.019270833333333334 0.021296296296296296
1 0.8130208333333333 0.32685185185185184 0.015625 0.022222222222222223
