0 0.7734375 0.29953703703703705 0.12604166666666666 0.049074074074074076
0 0.7747395833333334 0.1412037037037037 0.1296875 0.058333333333333334
0 0.77421875 0.22083333333333333 0.12760416666666666 0.05277777777777778
0 0.7747395833333334 0.18101851851851852 0.12760416666666666 0.05648148148148148
0 0.7736979166666667 0.26064814814814813 0.12760416666666666 0.05092592592592592
0 0.7731770833333333 0.3388888888888889 0.12552083333333333 0.046296296296296294
1 0.7502604166666667 0.30092592592592593 0.04010416666666667 0.024074074074074074
1 0.7494791666666667 0.18425925925925926 0.0375 0.022222222222222223
1 0.7588541666666667 0.1439814814814815 0.052083333333333336 0.023148148148148147
1 0.746875 0.262037037037037 0.03333333333333333 0.020370370370370372
1 0.78671875 0.21898148148148147 0.043229166666666666 0.021296296296296296
1 0.7471354166666667 0.22268518518518518 0.033854166666666664 0.021296296296296296
1 0.8002604166666667 0.1375 0.03177083333333333 0.023148148148148147
1 0.7479166666666667 0.3787037037037037 0.035416666666666666 0.024074074074074074
1 0.7466145833333333 0.33240740740740743 0.0328125 0.020370370370370372
1 0.7458333333333333 0.3476851851851852 0.030208333333333334 0.019444444444444445
1 0.7765625 0.34675925925925927 0.028125 0.017592592592592594
1 0.7736979166666667 0.33055555555555555 0.0203125 0.018518518518518517
1 0.7763020833333333 0.3787037037037037 0.022395833333333334 0.020370370370370372
1 0.8234375 0.33564814814814814 0.016666666666666666 0.021296296296296296
1 0.8213541666666667 0.3763888888888889 0.019791666666666666 0.025
1 0.82421875 0.2412037037037037 0.021354166666666667 0.2064814814814815
