0 0.8778645833333333 0.32916666666666666 0.043229166666666666 0.13055555555555556
0 0.8859375 0.425 0.0875 0.08148148148148149
0 0.6015625 0.41203703703703703 0.035416666666666666 0.05555555555555555
0 0.6015625 0.4587962962962963 0.023958333333333335 0.041666666666666664
1 0.8770833333333333 0.41388888888888886 0.057291666666666664 0.027777777777777776
1 0.06927083333333334 0.43472222222222223 0.1 0.06018518518518518
1 0.95390625 0.25277777777777777 0.033854166666666664 0.022222222222222223
1 0.8786458333333333 0.4375 0.020833333333333332 0.023148148148148147
1 0.9622395833333334 0.23148148148148148 0.016145833333333335 0.014814814814814815
1 0.9125 0.40925925925925927 0.01875 0.024074074074074074
1 0.9283854166666666 0.2550925925925926 0.0171875 0.021296296296296296
