0 0.821875 0.33287037037037037 0.06666666666666667 0.13055555555555556
0 0.81640625 0.42916666666666664 0.06927083333333334 0.075
0 0.81015625 0.65 0.0703125 0.05740740740740741
0 0.8145833333333333 0.537962962962963 0.10520833333333333 0.17222222222222222
1 0.8114583333333333 0.6351851851851852 0.05416666666666667 0.025925925925925925
1 0.8200520833333333 0.4425925925925926 0.04010416666666667 0.02962962962962963
1 0.7966145833333333 0.6625 0.04114583333333333 0.025
1 0.8291666666666667 0.4166666666666667 0.03958333333333333 0.02962962962962963
1 0.8013020833333333 0.4134259259259259 0.0296875 0.028703703703703703
1 0.8296875 0.6606481481481481 0.028125 0.025
