0 0.6338541666666667 0.3675925925925926 0.07708333333333334 0.1388888888888889
0 0.5416666666666666 0.26805555555555555 0.029166666666666667 0.05092592592592592
0 0.8083333333333333 0.3472222222222222 0.016666666666666666 0.03333333333333333
0 0.8106770833333333 0.3189814814814815 0.015104166666666667 0.026851851851851852
0 0.53984375 0.32037037037037036 0.027604166666666666 0.05185185185185185
1 0.27265625 0.33287037037037037 0.0640625 0.03611111111111111
1 0.271875 0.38101851851851853 0.065625 0.03796296296296296
1 0.2630208333333333 0.49398148148148147 0.051041666666666666 0.032407407407407406
1 0.28151041666666665 0.4199074074074074 0.0484375 0.025
1 0.28098958333333335 0.5324074074074074 0.04114583333333333 0.020370370370370372
1 0.24817708333333333 0.5328703703703703 0.028645833333333332 0.01574074074074074
1 0.24895833333333334 0.549074074074074 0.01875 0.012962962962962963
1 0.24505208333333334 0.4185185185185185 0.0171875 0.024074074074074074
1 0.2755208333333333 0.5513888888888889 0.019791666666666666 0.013888888888888888
