0 0.46484375 0.29259259259259257 0.0203125 0.10925925925925926
0 0.4669270833333333 0.3888888888888889 0.04114583333333333 0.08148148148148149
1 0.5627604166666667 0.6532407407407408 0.09010416666666667 0.041666666666666664
1 0.5544270833333333 0.6162037037037037 0.07864583333333333 0.041666666666666664
1 0.5411458333333333 0.5837962962962963 0.051041666666666666 0.028703703703703703
1 0.46588541666666666 0.3592592592592593 0.018229166666666668 0.016666666666666666
1 0.05078125 0.9773148148148149 0.03697916666666667 0.04537037037037037
1 0.5572916666666666 0.5199074074074074 0.04583333333333333 0.026851851851851852
1 0.5947916666666667 0.524537037037037 0.027083333333333334 0.023148148148148147
1 0.5627604166666667 0.4708333333333333 0.0390625 0.041666666666666664
1 0.5776041666666667 0.5694444444444444 0.017708333333333333 0.016666666666666666
1 0.52265625 0.4699074074074074 0.0453125 0.03796296296296296
1 0.6013020833333333 0.5921296296296297 0.021354166666666667 0.019444444444444445
1 0.58125 0.5907407407407408 0.022916666666666665 0.020370370370370372
1 0.515625 0.5212962962962963 0.014583333333333334 0.014814814814814815
