0 0.79375 0.39861111111111114 0.07604166666666666 0.14166666666666666
0 0.8276041666666667 0.3541666666666667 0.15208333333333332 0.11944444444444445
0 0.8583333333333333 0.43842592592592594 0.084375 0.06018518518518518
0 0.80859375 0.24861111111111112 0.1546875 0.11944444444444445
0 0.3723958333333333 0.3199074074074074 0.016666666666666666 0.030555555555555555
0 0.3723958333333333 0.362962962962963 0.009375 0.05185185185185185
0 0.6067708333333334 0.3143518518518518 0.01875 0.03611111111111111
0 0.46171875 0.32314814814814813 0.0067708333333333336 0.012962962962962963
0 0.4828125 0.3162037037037037 0.007291666666666667 0.012037037037037037
1 0.8244791666666667 0.3296296296296296 0.09375 0.053703703703703705
1 0.8208333333333333 0.2689814814814815 0.065625 0.05277777777777778
1 0.8203125 0.22361111111111112 0.058333333333333334 0.049074074074074076
1 0.80390625 0.39490740740740743 0.0859375 0.10648148148148148
1 0.8494791666666667 0.43657407407407406 0.04583333333333333 0.03796296296296296
1 0.8502604166666666 0.3800925925925926 0.06510416666666667 0.049074074074074076
