0 0.49296875 0.5097222222222222 0.06302083333333333 0.2064814814814815
0 0.48463541666666665 0.27175925925925926 0.13489583333333333 0.2638888888888889
1 0.715625 0.7388888888888889 0.03958333333333333 0.06111111111111111
1 0.4940104166666667 0.43472222222222223 0.028645833333333332 0.032407407407407406
1 0.7286458333333333 0.6412037037037037 0.03229166666666667 0.04537037037037037
1 0.49322916666666666 0.5222222222222223 0.03125 0.10555555555555556
1 0.7338541666666667 0.575462962962963 0.026041666666666668 0.03611111111111111
1 0.7489583333333333 0.6236111111111111 0.014583333333333334 0.025
1 0.71171875 0.5879629629629629 0.030729166666666665 0.04814814814814815
1 0.7208333333333333 0.7134259259259259 0.021875 0.03611111111111111
