0 0.48723958333333334 0.4064814814814815 0.1015625 0.04814814814814815
1 0.74375 0.38981481481481484 0.04479166666666667 0.020370370370370372
1 0.7502604166666667 0.31851851851851853 0.04739583333333333 0.024074074074074074
1 0.5033854166666667 0.4060185185185185 0.044270833333333336 0.032407407407407406
1 0.7346354166666667 0.35833333333333334 0.050520833333333334 0.018518518518518517
1 0.7614583333333333 0.4634259259259259 0.03229166666666667 0.021296296296296296
1 0.7440104166666667 0.37222222222222223 0.04114583333333333 0.012962962962962963
1 0.76328125 0.2912037037037037 0.030729166666666665 0.025
1 0.7315104166666667 0.2916666666666667 0.03177083333333333 0.022222222222222223
1 0.7296875 0.46435185185185185 0.03333333333333333 0.019444444444444445
1 0.7700520833333333 0.2550925925925926 0.025520833333333333 0.023148148148148147
1 0.74609375 0.2569444444444444 0.025520833333333333 0.021296296296296296
1 0.7244791666666667 0.25601851851851853 0.016666666666666666 0.021296296296296296
1 0.7653645833333333 0.3574074074074074 0.0171875 0.018518518518518517
1 0.7903645833333334 0.2537037037037037 0.016145833333333335 0.020370370370370372
1 0.72890625 0.40694444444444444 0.030729166666666665 0.012037037037037037
1 0.77109375 0.40555555555555556 0.034895833333333334 0.014814814814814815
