0 0.8700520833333333 0.3425925925925926 0.07135416666666666 0.10555555555555556
0 0.8666666666666667 0.44675925925925924 0.06979166666666667 0.10277777777777777
0 0.05390625 0.4722222222222222 0.018229166666666668 0.03333333333333333
1 0.5955729166666667 0.3416666666666667 0.06302083333333333 0.02962962962962963
1 0.8700520833333333 0.34120370370370373 0.059895833333333336 0.04722222222222222
1 0.6166666666666667 0.36527777777777776 0.040625 0.017592592592592594
1 0.56640625 0.3597222222222222 0.0390625 0.017592592592592594
1 0.5419270833333333 0.5097222222222222 0.019270833333333334 0.013888888888888888
1 0.6135416666666667 0.5111111111111111 0.022916666666666665 0.009259259259259259
1 0.61171875 0.5171296296296296 0.027604166666666666 0.010185185185185186
1 0.56875 0.5120370370370371 0.01875 0.012962962962962963
