0 0.7666666666666667 0.3175925925925926 0.09375 0.1648148148148148
0 0.7635416666666667 0.48194444444444445 0.09166666666666666 0.1638888888888889
0 0.7611979166666667 0.5958333333333333 0.09010416666666667 0.06944444444444445
1 0.77578125 0.32083333333333336 0.08697916666666666 0.10833333333333334
1 0.7546875 0.5828703703703704 0.059375 0.026851851851851852
1 0.759375 0.5226851851851851 0.01875 0.026851851851851852
1 0.7770833333333333 0.6069444444444444 0.040625 0.025
1 0.6791666666666667 0.21342592592592594 0.051041666666666666 0.032407407407407406
1 0.7395833333333334 0.6069444444444444 0.034375 0.021296296296296296
1 0.7888020833333333 0.5833333333333334 0.0203125 0.024074074074074074
