0 0.87109375 0.45694444444444443 0.05364583333333333 0.041666666666666664
0 0.87265625 0.3972222222222222 0.05260416666666667 0.08148148148148149
1 0.8380208333333333 0.5601851851851852 0.057291666666666664 0.040740740740740744
1 0.9322916666666666 0.6398148148148148 0.0625 0.03888888888888889
1 0.8653645833333333 0.44907407407407407 0.03177083333333333 0.012962962962962963
1 0.4635416666666667 0.4685185185185185 0.03333333333333333 0.018518518518518517
1 0.9143229166666667 0.5032407407407408 0.0984375 0.10092592592592593
1 0.9807291666666667 0.6546296296296297 0.040625 0.03518518518518519
1 0.8958333333333334 0.600462962962963 0.05625 0.03611111111111111
1 0.5236979166666667 0.4912037037037037 0.0453125 0.017592592592592594
1 0.7984375 0.6046296296296296 0.040625 0.027777777777777776
1 0.84140625 0.5013888888888889 0.0671875 0.10277777777777777
1 0.5640625 0.5106481481481482 0.03229166666666667 0.01574074074074074
1 0.8419270833333333 0.6143518518518518 0.034895833333333334 0.026851851851851852
1 0.42135416666666664 0.47129629629629627 0.03229166666666667 0.014814814814814815
1 0.89453125 0.5685185185185185 0.033854166666666664 0.037037037037037035
1 0.6864583333333333 0.5703703703703704 0.029166666666666667 0.016666666666666666
1 0.5638020833333334 0.49398148148148147 0.03177083333333333 0.013888888888888888
1 0.86875 0.46296296296296297 0.019791666666666666 0.012962962962962963
1 0.87890625 0.624537037037037 0.025520833333333333 0.025
1 0.8494791666666667 0.5921296296296297 0.027083333333333334 0.023148148148148147
1 0.5549479166666667 0.4759259259259259 0.018229166666666668 0.012962962962962963
1 0.8296875 0.5884259259259259 0.025 0.025
1 0.7080729166666667 0.5324074074074074 0.016145833333333335 0.012962962962962963
1 0.7143229166666667 0.512962962962963 0.015104166666666667 0.014814814814814815
1 0.7 0.512962962962963 0.011458333333333333 0.014814814814814815
1 0.7013020833333333 0.4912037037037037 0.0140625 0.017592592592592594
1 0.8981770833333333 0.6296296296296297 0.013020833333333334 0.024074074074074074
1 0.8190104166666666 0.6092592592592593 0.015104166666666667 0.020370370370370372
