0 0.7765625 0.42824074074074076 0.027083333333333334 0.1398148148148148
0 0.7783854166666667 0.30324074074074076 0.0671875 0.11018518518518519
0 0.6627604166666666 0.07175925925925926 0.09427083333333333 0.03981481481481482
0 0.6625 0.17314814814814813 0.09375 0.040740740740740744
0 0.6625 0.13935185185185187 0.09375 0.03981481481481482
0 0.6622395833333333 0.24027777777777778 0.09322916666666667 0.03981481481481482
0 0.6627604166666666 0.20694444444444443 0.09322916666666667 0.03796296296296296
0 0.6627604166666666 0.10462962962962963 0.09427083333333333 0.04259259259259259
1 0.6546875 0.13055555555555556 0.040625 0.020370370370370372
1 0.6502604166666667 0.23472222222222222 0.022395833333333334 0.017592592592592594
1 0.6484375 0.0962962962962963 0.030208333333333334 0.018518518518518517
1 0.6502604166666667 0.1712962962962963 0.03177083333333333 0.020370370370370372
1 0.6502604166666667 0.11064814814814815 0.03177083333333333 0.017592592592592594
1 0.64921875 0.14444444444444443 0.0296875 0.016666666666666666
1 0.6458333333333334 0.07546296296296297 0.026041666666666668 0.01574074074074074
1 0.7786458333333334 0.325 0.023958333333333335 0.025925925925925925
1 0.6559895833333333 0.2050925925925926 0.043229166666666666 0.021296296296296296
1 0.6752604166666667 0.06574074074074074 0.034895833333333334 0.014814814814814815
1 0.6473958333333333 0.24675925925925926 0.025 0.017592592592592594
1 0.6434895833333333 0.0625 0.022395833333333334 0.013888888888888888
1 0.6833333333333333 0.2074074074074074 0.017708333333333333 0.018518518518518517
