0 0.38359375 0.49166666666666664 0.11614583333333334 0.04814814814814815
0 0.384375 0.4064814814814815 0.115625 0.05
0 0.38203125 0.5337962962962963 0.11614583333333334 0.041666666666666664
1 0.07890625 0.6462962962962963 0.06510416666666667 0.04814814814814815
1 0.36171875 0.5254629629629629 0.0328125 0.019444444444444445
1 0.34322916666666664 0.41388888888888886 0.028125 0.018518518518518517
1 0.353125 0.3958333333333333 0.04479166666666667 0.023148148148148147
1 0.36276041666666664 0.48148148148148145 0.034895833333333334 0.020370370370370372
1 0.35390625 0.4986111111111111 0.0171875 0.01574074074074074
1 0.3841145833333333 0.4412037037037037 0.025520833333333333 0.021296296296296296
1 0.35859375 0.44027777777777777 0.025520833333333333 0.023148148148148147
1 0.35651041666666666 0.5412037037037037 0.022395833333333334 0.01574074074074074
1 0.378125 0.5421296296296296 0.021875 0.017592592592592594
1 0.38671875 0.399537037037037 0.019270833333333334 0.019444444444444445
1 0.38619791666666664 0.4842592592592593 0.016145833333333335 0.018518518518518517
1 0.11875 0.6537037037037037 0.013541666666666667 0.018518518518518517
