0 0.15104166666666666 0.4134259259259259 0.08125 0.05277777777777778
0 0.25729166666666664 0.2814814814814815 0.075 0.03333333333333333
0 0.35885416666666664 0.35462962962962963 0.06875 0.025925925925925925
0 0.35963541666666665 0.30648148148148147 0.06927083333333334 0.027777777777777776
0 0.35963541666666665 0.28194444444444444 0.06927083333333334 0.026851851851851852
0 0.35911458333333335 0.33055555555555555 0.06927083333333334 0.027777777777777776
0 0.23307291666666666 0.4134259259259259 0.0828125 0.05277777777777778
0 0.2747395833333333 0.31296296296296294 0.07447916666666667 0.03148148148148148
1 0.265625 0.28425925925925927 0.04791666666666667 0.020370370370370372
1 0.26510416666666664 0.31342592592592594 0.034375 0.023148148148148147
