0 0.7825520833333334 0.6157407407407407 0.16197916666666667 0.1111111111111111
1 0.3111979166666667 0.3263888888888889 0.03802083333333333 0.04351851851851852
1 0.18723958333333332 0.5472222222222223 0.06614583333333333 0.02962962962962963
1 0.2830729166666667 0.3050925925925926 0.0328125 0.04537037037037037
1 0.2838541666666667 0.34305555555555556 0.03125 0.041666666666666664
1 0.38177083333333334 0.5305555555555556 0.020833333333333332 0.027777777777777776
1 0.14583333333333334 0.5513888888888889 0.0375 0.028703703703703703
1 0.30807291666666664 0.3912037037037037 0.0296875 0.032407407407407406
1 0.30520833333333336 0.35462962962962963 0.022916666666666665 0.03148148148148148
1 0.2838541666666667 0.38055555555555554 0.027083333333333334 0.03888888888888889
1 0.3809895833333333 0.3763888888888889 0.018229166666666668 0.026851851851851852
